Start,01/01/1992
End,12/31/2012
Frequency,D
Name,COMPUTER CONFIG DEAD - DELIST 09/10/01 - TURNOVER BY VOLUME
Code,878673(VO)
CURRENCY,R
01/01/1992,NA
01/02/1992,NA
01/03/1992,NA
01/06/1992,NA
01/07/1992,NA
01/08/1992,NA
01/09/1992,NA
01/10/1992,NA
01/13/1992,NA
01/14/1992,NA
01/15/1992,NA
01/16/1992,NA
01/17/1992,NA
01/20/1992,NA
01/21/1992,NA
01/22/1992,NA
01/23/1992,NA
01/24/1992,NA
01/27/1992,NA
01/28/1992,NA
01/29/1992,NA
01/30/1992,NA
01/31/1992,NA
02/03/1992,NA
02/04/1992,NA
02/05/1992,NA
02/06/1992,NA
02/07/1992,NA
02/10/1992,NA
02/11/1992,NA
02/12/1992,NA
02/13/1992,NA
02/14/1992,NA
02/17/1992,NA
02/18/1992,NA
02/19/1992,NA
02/20/1992,NA
02/21/1992,NA
02/24/1992,NA
02/25/1992,NA
02/26/1992,NA
02/27/1992,NA
02/28/1992,NA
03/02/1992,NA
03/03/1992,NA
03/04/1992,NA
03/05/1992,NA
03/06/1992,NA
03/09/1992,NA
03/10/1992,NA
03/11/1992,NA
03/12/1992,NA
03/13/1992,NA
03/16/1992,NA
03/17/1992,NA
03/18/1992,NA
03/19/1992,NA
03/20/1992,NA
03/23/1992,NA
03/24/1992,NA
03/25/1992,NA
03/26/1992,NA
03/27/1992,NA
03/30/1992,NA
03/31/1992,NA
04/01/1992,NA
04/02/1992,NA
04/03/1992,NA
04/06/1992,NA
04/07/1992,NA
04/08/1992,NA
04/09/1992,NA
04/10/1992,NA
04/13/1992,NA
04/14/1992,NA
04/15/1992,NA
04/16/1992,NA
04/17/1992,NA
04/20/1992,NA
04/21/1992,NA
04/22/1992,NA
04/23/1992,NA
04/24/1992,NA
04/27/1992,NA
04/28/1992,NA
04/29/1992,NA
04/30/1992,NA
05/01/1992,NA
05/04/1992,NA
05/05/1992,NA
05/06/1992,NA
05/07/1992,NA
05/08/1992,NA
05/11/1992,NA
05/12/1992,NA
05/13/1992,NA
05/14/1992,NA
05/15/1992,NA
05/18/1992,NA
05/19/1992,NA
05/20/1992,NA
05/21/1992,NA
05/22/1992,NA
05/25/1992,NA
05/26/1992,NA
05/27/1992,NA
05/28/1992,NA
05/29/1992,NA
06/01/1992,NA
06/02/1992,NA
06/03/1992,NA
06/04/1992,NA
06/05/1992,NA
06/08/1992,NA
06/09/1992,NA
06/10/1992,NA
06/11/1992,NA
06/12/1992,NA
06/15/1992,NA
06/16/1992,NA
06/17/1992,NA
06/18/1992,NA
06/19/1992,NA
06/22/1992,NA
06/23/1992,NA
06/24/1992,NA
06/25/1992,NA
06/26/1992,NA
06/29/1992,NA
06/30/1992,NA
07/01/1992,NA
07/02/1992,NA
07/03/1992,NA
07/06/1992,NA
07/07/1992,NA
07/08/1992,NA
07/09/1992,NA
07/10/1992,NA
07/13/1992,NA
07/14/1992,NA
07/15/1992,NA
07/16/1992,NA
07/17/1992,NA
07/20/1992,NA
07/21/1992,NA
07/22/1992,NA
07/23/1992,NA
07/24/1992,NA
07/27/1992,NA
07/28/1992,NA
07/29/1992,NA
07/30/1992,NA
07/31/1992,NA
08/03/1992,NA
08/04/1992,NA
08/05/1992,NA
08/06/1992,NA
08/07/1992,NA
08/10/1992,NA
08/11/1992,NA
08/12/1992,NA
08/13/1992,NA
08/14/1992,NA
08/17/1992,NA
08/18/1992,NA
08/19/1992,NA
08/20/1992,NA
08/21/1992,NA
08/24/1992,NA
08/25/1992,NA
08/26/1992,NA
08/27/1992,NA
08/28/1992,NA
08/31/1992,NA
09/01/1992,NA
09/02/1992,NA
09/03/1992,NA
09/04/1992,NA
09/07/1992,NA
09/08/1992,NA
09/09/1992,NA
09/10/1992,NA
09/11/1992,NA
09/14/1992,NA
09/15/1992,NA
09/16/1992,NA
09/17/1992,NA
09/18/1992,NA
09/21/1992,NA
09/22/1992,NA
09/23/1992,NA
09/24/1992,NA
09/25/1992,NA
09/28/1992,NA
09/29/1992,NA
09/30/1992,NA
10/01/1992,NA
10/02/1992,NA
10/05/1992,NA
10/06/1992,NA
10/07/1992,NA
10/08/1992,NA
10/09/1992,NA
10/12/1992,NA
10/13/1992,NA
10/14/1992,NA
10/15/1992,NA
10/16/1992,NA
10/19/1992,NA
10/20/1992,NA
10/21/1992,NA
10/22/1992,NA
10/23/1992,NA
10/26/1992,NA
10/27/1992,NA
10/28/1992,NA
10/29/1992,NA
10/30/1992,NA
11/02/1992,NA
11/03/1992,NA
11/04/1992,NA
11/05/1992,NA
11/06/1992,NA
11/09/1992,NA
11/10/1992,NA
11/11/1992,NA
11/12/1992,NA
11/13/1992,NA
11/16/1992,NA
11/17/1992,NA
11/18/1992,NA
11/19/1992,NA
11/20/1992,NA
11/23/1992,NA
11/24/1992,NA
11/25/1992,NA
11/26/1992,NA
11/27/1992,NA
11/30/1992,NA
12/01/1992,NA
12/02/1992,NA
12/03/1992,NA
12/04/1992,NA
12/07/1992,NA
12/08/1992,NA
12/09/1992,NA
12/10/1992,NA
12/11/1992,NA
12/14/1992,NA
12/15/1992,NA
12/16/1992,NA
12/17/1992,NA
12/18/1992,NA
12/21/1992,NA
12/22/1992,NA
12/23/1992,NA
12/24/1992,NA
12/25/1992,NA
12/28/1992,NA
12/29/1992,NA
12/30/1992,NA
12/31/1992,NA
01/01/1993,NA
01/04/1993,NA
01/05/1993,NA
01/06/1993,NA
01/07/1993,NA
01/08/1993,NA
01/11/1993,NA
01/12/1993,NA
01/13/1993,NA
01/14/1993,NA
01/15/1993,NA
01/18/1993,NA
01/19/1993,NA
01/20/1993,NA
01/21/1993,NA
01/22/1993,NA
01/25/1993,NA
01/26/1993,NA
01/27/1993,NA
01/28/1993,NA
01/29/1993,NA
02/01/1993,NA
02/02/1993,NA
02/03/1993,NA
02/04/1993,NA
02/05/1993,NA
02/08/1993,NA
02/09/1993,NA
02/10/1993,NA
02/11/1993,NA
02/12/1993,NA
02/15/1993,NA
02/16/1993,NA
02/17/1993,NA
02/18/1993,NA
02/19/1993,NA
02/22/1993,NA
02/23/1993,NA
02/24/1993,NA
02/25/1993,NA
02/26/1993,NA
03/01/1993,NA
03/02/1993,NA
03/03/1993,NA
03/04/1993,NA
03/05/1993,NA
03/08/1993,NA
03/09/1993,NA
03/10/1993,NA
03/11/1993,NA
03/12/1993,NA
03/15/1993,NA
03/16/1993,NA
03/17/1993,NA
03/18/1993,NA
03/19/1993,NA
03/22/1993,NA
03/23/1993,NA
03/24/1993,NA
03/25/1993,NA
03/26/1993,NA
03/29/1993,NA
03/30/1993,NA
03/31/1993,NA
04/01/1993,NA
04/02/1993,NA
04/05/1993,NA
04/06/1993,NA
04/07/1993,NA
04/08/1993,NA
04/09/1993,NA
04/12/1993,NA
04/13/1993,NA
04/14/1993,NA
04/15/1993,NA
04/16/1993,NA
04/19/1993,NA
04/20/1993,NA
04/21/1993,NA
04/22/1993,NA
04/23/1993,NA
04/26/1993,NA
04/27/1993,NA
04/28/1993,NA
04/29/1993,NA
04/30/1993,NA
05/03/1993,NA
05/04/1993,NA
05/05/1993,NA
05/06/1993,NA
05/07/1993,NA
05/10/1993,NA
05/11/1993,NA
05/12/1993,NA
05/13/1993,NA
05/14/1993,NA
05/17/1993,NA
05/18/1993,NA
05/19/1993,NA
05/20/1993,NA
05/21/1993,NA
05/24/1993,NA
05/25/1993,NA
05/26/1993,NA
05/27/1993,NA
05/28/1993,NA
05/31/1993,NA
06/01/1993,NA
06/02/1993,NA
06/03/1993,NA
06/04/1993,NA
06/07/1993,NA
06/08/1993,NA
06/09/1993,NA
06/10/1993,NA
06/11/1993,NA
06/14/1993,NA
06/15/1993,NA
06/16/1993,NA
06/17/1993,NA
06/18/1993,NA
06/21/1993,NA
06/22/1993,NA
06/23/1993,NA
06/24/1993,NA
06/25/1993,NA
06/28/1993,NA
06/29/1993,NA
06/30/1993,NA
07/01/1993,NA
07/02/1993,NA
07/05/1993,NA
07/06/1993,NA
07/07/1993,NA
07/08/1993,NA
07/09/1993,NA
07/12/1993,NA
07/13/1993,NA
07/14/1993,NA
07/15/1993,NA
07/16/1993,NA
07/19/1993,NA
07/20/1993,NA
07/21/1993,NA
07/22/1993,NA
07/23/1993,NA
07/26/1993,NA
07/27/1993,NA
07/28/1993,NA
07/29/1993,NA
07/30/1993,NA
08/02/1993,NA
08/03/1993,NA
08/04/1993,NA
08/05/1993,NA
08/06/1993,NA
08/09/1993,NA
08/10/1993,NA
08/11/1993,NA
08/12/1993,NA
08/13/1993,NA
08/16/1993,NA
08/17/1993,NA
08/18/1993,NA
08/19/1993,NA
08/20/1993,NA
08/23/1993,NA
08/24/1993,NA
08/25/1993,NA
08/26/1993,NA
08/27/1993,NA
08/30/1993,NA
08/31/1993,NA
09/01/1993,NA
09/02/1993,NA
09/03/1993,NA
09/06/1993,NA
09/07/1993,NA
09/08/1993,NA
09/09/1993,NA
09/10/1993,NA
09/13/1993,NA
09/14/1993,NA
09/15/1993,NA
09/16/1993,NA
09/17/1993,NA
09/20/1993,NA
09/21/1993,NA
09/22/1993,NA
09/23/1993,NA
09/24/1993,NA
09/27/1993,NA
09/28/1993,NA
09/29/1993,NA
09/30/1993,NA
10/01/1993,NA
10/04/1993,NA
10/05/1993,NA
10/06/1993,NA
10/07/1993,NA
10/08/1993,NA
10/11/1993,NA
10/12/1993,NA
10/13/1993,NA
10/14/1993,NA
10/15/1993,NA
10/18/1993,NA
10/19/1993,NA
10/20/1993,NA
10/21/1993,NA
10/22/1993,NA
10/25/1993,NA
10/26/1993,NA
10/27/1993,NA
10/28/1993,NA
10/29/1993,NA
11/01/1993,NA
11/02/1993,NA
11/03/1993,NA
11/04/1993,NA
11/05/1993,NA
11/08/1993,NA
11/09/1993,NA
11/10/1993,NA
11/11/1993,NA
11/12/1993,NA
11/15/1993,NA
11/16/1993,NA
11/17/1993,NA
11/18/1993,NA
11/19/1993,NA
11/22/1993,NA
11/23/1993,NA
11/24/1993,NA
11/25/1993,NA
11/26/1993,NA
11/29/1993,NA
11/30/1993,NA
12/01/1993,NA
12/02/1993,NA
12/03/1993,NA
12/06/1993,NA
12/07/1993,NA
12/08/1993,NA
12/09/1993,NA
12/10/1993,NA
12/13/1993,NA
12/14/1993,NA
12/15/1993,NA
12/16/1993,NA
12/17/1993,NA
12/20/1993,NA
12/21/1993,NA
12/22/1993,NA
12/23/1993,NA
12/24/1993,NA
12/27/1993,NA
12/28/1993,NA
12/29/1993,NA
12/30/1993,NA
12/31/1993,NA
01/03/1994,NA
01/04/1994,NA
01/05/1994,NA
01/06/1994,NA
01/07/1994,NA
01/10/1994,NA
01/11/1994,NA
01/12/1994,NA
01/13/1994,NA
01/14/1994,NA
01/17/1994,NA
01/18/1994,NA
01/19/1994,NA
01/20/1994,NA
01/21/1994,NA
01/24/1994,NA
01/25/1994,NA
01/26/1994,NA
01/27/1994,NA
01/28/1994,NA
01/31/1994,NA
02/01/1994,NA
02/02/1994,NA
02/03/1994,NA
02/04/1994,NA
02/07/1994,NA
02/08/1994,NA
02/09/1994,NA
02/10/1994,NA
02/11/1994,NA
02/14/1994,NA
02/15/1994,NA
02/16/1994,NA
02/17/1994,NA
02/18/1994,NA
02/21/1994,NA
02/22/1994,NA
02/23/1994,NA
02/24/1994,NA
02/25/1994,NA
02/28/1994,NA
03/01/1994,NA
03/02/1994,NA
03/03/1994,NA
03/04/1994,NA
03/07/1994,NA
03/08/1994,NA
03/09/1994,NA
03/10/1994,NA
03/11/1994,NA
03/14/1994,NA
03/15/1994,NA
03/16/1994,NA
03/17/1994,NA
03/18/1994,NA
03/21/1994,NA
03/22/1994,NA
03/23/1994,NA
03/24/1994,NA
03/25/1994,NA
03/28/1994,NA
03/29/1994,NA
03/30/1994,NA
03/31/1994,NA
04/01/1994,NA
04/04/1994,NA
04/05/1994,NA
04/06/1994,NA
04/07/1994,NA
04/08/1994,NA
04/11/1994,NA
04/12/1994,NA
04/13/1994,NA
04/14/1994,NA
04/15/1994,NA
04/18/1994,NA
04/19/1994,NA
04/20/1994,NA
04/21/1994,NA
04/22/1994,NA
04/25/1994,NA
04/26/1994,NA
04/27/1994,NA
04/28/1994,NA
04/29/1994,NA
05/02/1994,NA
05/03/1994,NA
05/04/1994,NA
05/05/1994,NA
05/06/1994,NA
05/09/1994,NA
05/10/1994,NA
05/11/1994,NA
05/12/1994,NA
05/13/1994,NA
05/16/1994,NA
05/17/1994,NA
05/18/1994,NA
05/19/1994,NA
05/20/1994,NA
05/23/1994,NA
05/24/1994,NA
05/25/1994,NA
05/26/1994,NA
05/27/1994,NA
05/30/1994,NA
05/31/1994,NA
06/01/1994,NA
06/02/1994,NA
06/03/1994,NA
06/06/1994,NA
06/07/1994,NA
06/08/1994,NA
06/09/1994,NA
06/10/1994,NA
06/13/1994,NA
06/14/1994,NA
06/15/1994,NA
06/16/1994,NA
06/17/1994,NA
06/20/1994,NA
06/21/1994,NA
06/22/1994,NA
06/23/1994,NA
06/24/1994,NA
06/27/1994,NA
06/28/1994,NA
06/29/1994,NA
06/30/1994,NA
07/01/1994,NA
07/04/1994,NA
07/05/1994,NA
07/06/1994,NA
07/07/1994,NA
07/08/1994,NA
07/11/1994,NA
07/12/1994,NA
07/13/1994,NA
07/14/1994,NA
07/15/1994,NA
07/18/1994,NA
07/19/1994,NA
07/20/1994,NA
07/21/1994,NA
07/22/1994,NA
07/25/1994,NA
07/26/1994,NA
07/27/1994,NA
07/28/1994,NA
07/29/1994,NA
08/01/1994,NA
08/02/1994,NA
08/03/1994,NA
08/04/1994,NA
08/05/1994,NA
08/08/1994,NA
08/09/1994,NA
08/10/1994,NA
08/11/1994,NA
08/12/1994,NA
08/15/1994,NA
08/16/1994,NA
08/17/1994,NA
08/18/1994,NA
08/19/1994,NA
08/22/1994,NA
08/23/1994,NA
08/24/1994,NA
08/25/1994,NA
08/26/1994,NA
08/29/1994,NA
08/30/1994,NA
08/31/1994,NA
09/01/1994,NA
09/02/1994,NA
09/05/1994,NA
09/06/1994,NA
09/07/1994,NA
09/08/1994,NA
09/09/1994,NA
09/12/1994,NA
09/13/1994,NA
09/14/1994,NA
09/15/1994,NA
09/16/1994,NA
09/19/1994,NA
09/20/1994,NA
09/21/1994,NA
09/22/1994,NA
09/23/1994,NA
09/26/1994,NA
09/27/1994,NA
09/28/1994,NA
09/29/1994,NA
09/30/1994,NA
10/03/1994,NA
10/04/1994,NA
10/05/1994,NA
10/06/1994,NA
10/07/1994,NA
10/10/1994,NA
10/11/1994,NA
10/12/1994,NA
10/13/1994,NA
10/14/1994,NA
10/17/1994,NA
10/18/1994,NA
10/19/1994,NA
10/20/1994,NA
10/21/1994,NA
10/24/1994,NA
10/25/1994,NA
10/26/1994,NA
10/27/1994,NA
10/28/1994,NA
10/31/1994,NA
11/01/1994,NA
11/02/1994,NA
11/03/1994,NA
11/04/1994,NA
11/07/1994,NA
11/08/1994,NA
11/09/1994,NA
11/10/1994,NA
11/11/1994,NA
11/14/1994,NA
11/15/1994,NA
11/16/1994,NA
11/17/1994,NA
11/18/1994,NA
11/21/1994,NA
11/22/1994,NA
11/23/1994,NA
11/24/1994,NA
11/25/1994,NA
11/28/1994,NA
11/29/1994,NA
11/30/1994,NA
12/01/1994,NA
12/02/1994,NA
12/05/1994,NA
12/06/1994,NA
12/07/1994,NA
12/08/1994,NA
12/09/1994,NA
12/12/1994,NA
12/13/1994,NA
12/14/1994,NA
12/15/1994,NA
12/16/1994,NA
12/19/1994,NA
12/20/1994,NA
12/21/1994,NA
12/22/1994,NA
12/23/1994,NA
12/26/1994,NA
12/27/1994,NA
12/28/1994,NA
12/29/1994,NA
12/30/1994,NA
01/02/1995,NA
01/03/1995,NA
01/04/1995,NA
01/05/1995,NA
01/06/1995,NA
01/09/1995,NA
01/10/1995,NA
01/11/1995,NA
01/12/1995,NA
01/13/1995,NA
01/16/1995,NA
01/17/1995,NA
01/18/1995,NA
01/19/1995,NA
01/20/1995,NA
01/23/1995,NA
01/24/1995,NA
01/25/1995,NA
01/26/1995,NA
01/27/1995,NA
01/30/1995,NA
01/31/1995,NA
02/01/1995,NA
02/02/1995,NA
02/03/1995,NA
02/06/1995,NA
02/07/1995,NA
02/08/1995,NA
02/09/1995,NA
02/10/1995,NA
02/13/1995,NA
02/14/1995,NA
02/15/1995,NA
02/16/1995,NA
02/17/1995,NA
02/20/1995,NA
02/21/1995,NA
02/22/1995,NA
02/23/1995,NA
02/24/1995,NA
02/27/1995,NA
02/28/1995,NA
03/01/1995,NA
03/02/1995,NA
03/03/1995,NA
03/06/1995,NA
03/07/1995,NA
03/08/1995,NA
03/09/1995,NA
03/10/1995,NA
03/13/1995,NA
03/14/1995,NA
03/15/1995,NA
03/16/1995,NA
03/17/1995,NA
03/20/1995,NA
03/21/1995,NA
03/22/1995,NA
03/23/1995,NA
03/24/1995,NA
03/27/1995,NA
03/28/1995,NA
03/29/1995,NA
03/30/1995,NA
03/31/1995,NA
04/03/1995,NA
04/04/1995,NA
04/05/1995,NA
04/06/1995,NA
04/07/1995,NA
04/10/1995,NA
04/11/1995,NA
04/12/1995,NA
04/13/1995,NA
04/14/1995,NA
04/17/1995,NA
04/18/1995,NA
04/19/1995,NA
04/20/1995,NA
04/21/1995,NA
04/24/1995,NA
04/25/1995,NA
04/26/1995,NA
04/27/1995,NA
04/28/1995,NA
05/01/1995,NA
05/02/1995,NA
05/03/1995,NA
05/04/1995,NA
05/05/1995,NA
05/08/1995,NA
05/09/1995,NA
05/10/1995,NA
05/11/1995,NA
05/12/1995,NA
05/15/1995,NA
05/16/1995,NA
05/17/1995,NA
05/18/1995,NA
05/19/1995,NA
05/22/1995,NA
05/23/1995,NA
05/24/1995,NA
05/25/1995,NA
05/26/1995,NA
05/29/1995,NA
05/30/1995,NA
05/31/1995,NA
06/01/1995,NA
06/02/1995,NA
06/05/1995,NA
06/06/1995,NA
06/07/1995,NA
06/08/1995,NA
06/09/1995,NA
06/12/1995,NA
06/13/1995,NA
06/14/1995,NA
06/15/1995,NA
06/16/1995,NA
06/19/1995,NA
06/20/1995,NA
06/21/1995,NA
06/22/1995,NA
06/23/1995,NA
06/26/1995,NA
06/27/1995,NA
06/28/1995,NA
06/29/1995,NA
06/30/1995,NA
07/03/1995,NA
07/04/1995,NA
07/05/1995,NA
07/06/1995,NA
07/07/1995,NA
07/10/1995,NA
07/11/1995,NA
07/12/1995,NA
07/13/1995,NA
07/14/1995,NA
07/17/1995,NA
07/18/1995,NA
07/19/1995,NA
07/20/1995,NA
07/21/1995,NA
07/24/1995,NA
07/25/1995,NA
07/26/1995,NA
07/27/1995,NA
07/28/1995,NA
07/31/1995,NA
08/01/1995,NA
08/02/1995,NA
08/03/1995,NA
08/04/1995,NA
08/07/1995,NA
08/08/1995,NA
08/09/1995,NA
08/10/1995,NA
08/11/1995,NA
08/14/1995,NA
08/15/1995,NA
08/16/1995,NA
08/17/1995,NA
08/18/1995,NA
08/21/1995,NA
08/22/1995,NA
08/23/1995,NA
08/24/1995,NA
08/25/1995,NA
08/28/1995,NA
08/29/1995,NA
08/30/1995,NA
08/31/1995,NA
09/01/1995,NA
09/04/1995,NA
09/05/1995,NA
09/06/1995,NA
09/07/1995,NA
09/08/1995,NA
09/11/1995,NA
09/12/1995,NA
09/13/1995,NA
09/14/1995,NA
09/15/1995,NA
09/18/1995,NA
09/19/1995,NA
09/20/1995,NA
09/21/1995,NA
09/22/1995,NA
09/25/1995,NA
09/26/1995,NA
09/27/1995,NA
09/28/1995,NA
09/29/1995,NA
10/02/1995,NA
10/03/1995,NA
10/04/1995,NA
10/05/1995,NA
10/06/1995,NA
10/09/1995,NA
10/10/1995,NA
10/11/1995,NA
10/12/1995,NA
10/13/1995,NA
10/16/1995,NA
10/17/1995,NA
10/18/1995,NA
10/19/1995,NA
10/20/1995,NA
10/23/1995,NA
10/24/1995,NA
10/25/1995,NA
10/26/1995,NA
10/27/1995,NA
10/30/1995,NA
10/31/1995,NA
11/01/1995,NA
11/02/1995,NA
11/03/1995,NA
11/06/1995,NA
11/07/1995,NA
11/08/1995,NA
11/09/1995,NA
11/10/1995,NA
11/13/1995,NA
11/14/1995,NA
11/15/1995,NA
11/16/1995,NA
11/17/1995,NA
11/20/1995,NA
11/21/1995,NA
11/22/1995,NA
11/23/1995,NA
11/24/1995,NA
11/27/1995,NA
11/28/1995,NA
11/29/1995,NA
11/30/1995,NA
12/01/1995,NA
12/04/1995,NA
12/05/1995,NA
12/06/1995,NA
12/07/1995,NA
12/08/1995,NA
12/11/1995,NA
12/12/1995,NA
12/13/1995,NA
12/14/1995,NA
12/15/1995,NA
12/18/1995,NA
12/19/1995,NA
12/20/1995,NA
12/21/1995,NA
12/22/1995,NA
12/25/1995,NA
12/26/1995,NA
12/27/1995,NA
12/28/1995,NA
12/29/1995,NA
01/01/1996,NA
01/02/1996,NA
01/03/1996,NA
01/04/1996,NA
01/05/1996,NA
01/08/1996,NA
01/09/1996,NA
01/10/1996,NA
01/11/1996,NA
01/12/1996,NA
01/15/1996,NA
01/16/1996,NA
01/17/1996,NA
01/18/1996,NA
01/19/1996,NA
01/22/1996,NA
01/23/1996,NA
01/24/1996,NA
01/25/1996,NA
01/26/1996,NA
01/29/1996,NA
01/30/1996,NA
01/31/1996,NA
02/01/1996,NA
02/02/1996,NA
02/05/1996,NA
02/06/1996,NA
02/07/1996,NA
02/08/1996,NA
02/09/1996,NA
02/12/1996,NA
02/13/1996,NA
02/14/1996,NA
02/15/1996,NA
02/16/1996,NA
02/19/1996,NA
02/20/1996,NA
02/21/1996,NA
02/22/1996,NA
02/23/1996,NA
02/26/1996,NA
02/27/1996,NA
02/28/1996,NA
02/29/1996,NA
03/01/1996,NA
03/04/1996,NA
03/05/1996,NA
03/06/1996,NA
03/07/1996,NA
03/08/1996,NA
03/11/1996,NA
03/12/1996,NA
03/13/1996,NA
03/14/1996,NA
03/15/1996,NA
03/18/1996,NA
03/19/1996,NA
03/20/1996,NA
03/21/1996,NA
03/22/1996,NA
03/25/1996,NA
03/26/1996,NA
03/27/1996,NA
03/28/1996,NA
03/29/1996,NA
04/01/1996,NA
04/02/1996,NA
04/03/1996,NA
04/04/1996,NA
04/05/1996,NA
04/08/1996,NA
04/09/1996,NA
04/10/1996,NA
04/11/1996,NA
04/12/1996,NA
04/15/1996,NA
04/16/1996,NA
04/17/1996,NA
04/18/1996,NA
04/19/1996,NA
04/22/1996,NA
04/23/1996,NA
04/24/1996,NA
04/25/1996,NA
04/26/1996,NA
04/29/1996,NA
04/30/1996,NA
05/01/1996,NA
05/02/1996,NA
05/03/1996,NA
05/06/1996,NA
05/07/1996,NA
05/08/1996,NA
05/09/1996,NA
05/10/1996,NA
05/13/1996,NA
05/14/1996,NA
05/15/1996,NA
05/16/1996,NA
05/17/1996,NA
05/20/1996,NA
05/21/1996,NA
05/22/1996,NA
05/23/1996,NA
05/24/1996,NA
05/27/1996,NA
05/28/1996,NA
05/29/1996,NA
05/30/1996,NA
05/31/1996,NA
06/03/1996,NA
06/04/1996,NA
06/05/1996,NA
06/06/1996,NA
06/07/1996,NA
06/10/1996,NA
06/11/1996,NA
06/12/1996,NA
06/13/1996,NA
06/14/1996,NA
06/17/1996,NA
06/18/1996,NA
06/19/1996,NA
06/20/1996,NA
06/21/1996,NA
06/24/1996,NA
06/25/1996,NA
06/26/1996,NA
06/27/1996,NA
06/28/1996,NA
07/01/1996,NA
07/02/1996,NA
07/03/1996,NA
07/04/1996,NA
07/05/1996,NA
07/08/1996,NA
07/09/1996,NA
07/10/1996,NA
07/11/1996,NA
07/12/1996,NA
07/15/1996,NA
07/16/1996,NA
07/17/1996,NA
07/18/1996,NA
07/19/1996,NA
07/22/1996,NA
07/23/1996,NA
07/24/1996,NA
07/25/1996,NA
07/26/1996,NA
07/29/1996,NA
07/30/1996,NA
07/31/1996,NA
08/01/1996,NA
08/02/1996,NA
08/05/1996,NA
08/06/1996,NA
08/07/1996,NA
08/08/1996,NA
08/09/1996,NA
08/12/1996,NA
08/13/1996,NA
08/14/1996,NA
08/15/1996,NA
08/16/1996,NA
08/19/1996,NA
08/20/1996,NA
08/21/1996,NA
08/22/1996,NA
08/23/1996,NA
08/26/1996,NA
08/27/1996,NA
08/28/1996,NA
08/29/1996,NA
08/30/1996,NA
09/02/1996,NA
09/03/1996,NA
09/04/1996,NA
09/05/1996,NA
09/06/1996,NA
09/09/1996,NA
09/10/1996,NA
09/11/1996,NA
09/12/1996,NA
09/13/1996,NA
09/16/1996,NA
09/17/1996,NA
09/18/1996,NA
09/19/1996,NA
09/20/1996,NA
09/23/1996,NA
09/24/1996,NA
09/25/1996,NA
09/26/1996,NA
09/27/1996,NA
09/30/1996,NA
10/01/1996,NA
10/02/1996,NA
10/03/1996,NA
10/04/1996,NA
10/07/1996,NA
10/08/1996,NA
10/09/1996,NA
10/10/1996,NA
10/11/1996,NA
10/14/1996,NA
10/15/1996,NA
10/16/1996,NA
10/17/1996,NA
10/18/1996,NA
10/21/1996,NA
10/22/1996,NA
10/23/1996,NA
10/24/1996,NA
10/25/1996,NA
10/28/1996,NA
10/29/1996,NA
10/30/1996,NA
10/31/1996,NA
11/01/1996,NA
11/04/1996,NA
11/05/1996,NA
11/06/1996,NA
11/07/1996,NA
11/08/1996,NA
11/11/1996,NA
11/12/1996,NA
11/13/1996,NA
11/14/1996,NA
11/15/1996,NA
11/18/1996,NA
11/19/1996,NA
11/20/1996,NA
11/21/1996,NA
11/22/1996,NA
11/25/1996,NA
11/26/1996,NA
11/27/1996,NA
11/28/1996,NA
11/29/1996,NA
12/02/1996,NA
12/03/1996,NA
12/04/1996,NA
12/05/1996,NA
12/06/1996,NA
12/09/1996,NA
12/10/1996,NA
12/11/1996,NA
12/12/1996,NA
12/13/1996,NA
12/16/1996,NA
12/17/1996,NA
12/18/1996,NA
12/19/1996,NA
12/20/1996,NA
12/23/1996,NA
12/24/1996,NA
12/25/1996,NA
12/26/1996,NA
12/27/1996,NA
12/30/1996,NA
12/31/1996,NA
01/01/1997,NA
01/02/1997,NA
01/03/1997,NA
01/06/1997,NA
01/07/1997,NA
01/08/1997,NA
01/09/1997,NA
01/10/1997,NA
01/13/1997,NA
01/14/1997,NA
01/15/1997,NA
01/16/1997,NA
01/17/1997,NA
01/20/1997,NA
01/21/1997,NA
01/22/1997,NA
01/23/1997,NA
01/24/1997,NA
01/27/1997,NA
01/28/1997,NA
01/29/1997,NA
01/30/1997,NA
01/31/1997,NA
02/03/1997,NA
02/04/1997,NA
02/05/1997,NA
02/06/1997,NA
02/07/1997,NA
02/10/1997,NA
02/11/1997,NA
02/12/1997,NA
02/13/1997,NA
02/14/1997,NA
02/17/1997,NA
02/18/1997,NA
02/19/1997,NA
02/20/1997,NA
02/21/1997,NA
02/24/1997,NA
02/25/1997,NA
02/26/1997,NA
02/27/1997,NA
02/28/1997,NA
03/03/1997,NA
03/04/1997,NA
03/05/1997,NA
03/06/1997,NA
03/07/1997,NA
03/10/1997,NA
03/11/1997,NA
03/12/1997,NA
03/13/1997,NA
03/14/1997,NA
03/17/1997,NA
03/18/1997,NA
03/19/1997,NA
03/20/1997,NA
03/21/1997,NA
03/24/1997,NA
03/25/1997,NA
03/26/1997,NA
03/27/1997,NA
03/28/1997,NA
03/31/1997,NA
04/01/1997,NA
04/02/1997,NA
04/03/1997,NA
04/04/1997,NA
04/07/1997,NA
04/08/1997,NA
04/09/1997,NA
04/10/1997,NA
04/11/1997,NA
04/14/1997,NA
04/15/1997,NA
04/16/1997,NA
04/17/1997,NA
04/18/1997,NA
04/21/1997,NA
04/22/1997,NA
04/23/1997,NA
04/24/1997,NA
04/25/1997,NA
04/28/1997,NA
04/29/1997,NA
04/30/1997,NA
05/01/1997,NA
05/02/1997,NA
05/05/1997,NA
05/06/1997,NA
05/07/1997,NA
05/08/1997,NA
05/09/1997,NA
05/12/1997,NA
05/13/1997,NA
05/14/1997,NA
05/15/1997,NA
05/16/1997,NA
05/19/1997,NA
05/20/1997,NA
05/21/1997,NA
05/22/1997,NA
05/23/1997,NA
05/26/1997,NA
05/27/1997,NA
05/28/1997,NA
05/29/1997,NA
05/30/1997,NA
06/02/1997,NA
06/03/1997,NA
06/04/1997,NA
06/05/1997,NA
06/06/1997,NA
06/09/1997,NA
06/10/1997,NA
06/11/1997,NA
06/12/1997,NA
06/13/1997,NA
06/16/1997,NA
06/17/1997,NA
06/18/1997,NA
06/19/1997,NA
06/20/1997,NA
06/23/1997,NA
06/24/1997,NA
06/25/1997,NA
06/26/1997,NA
06/27/1997,NA
06/30/1997,NA
07/01/1997,NA
07/02/1997,NA
07/03/1997,NA
07/04/1997,NA
07/07/1997,NA
07/08/1997,NA
07/09/1997,NA
07/10/1997,NA
07/11/1997,NA
07/14/1997,NA
07/15/1997,NA
07/16/1997,NA
07/17/1997,NA
07/18/1997,NA
07/21/1997,NA
07/22/1997,NA
07/23/1997,NA
07/24/1997,NA
07/25/1997,NA
07/28/1997,NA
07/29/1997,NA
07/30/1997,NA
07/31/1997,NA
08/01/1997,NA
08/04/1997,NA
08/05/1997,NA
08/06/1997,NA
08/07/1997,NA
08/08/1997,NA
08/11/1997,NA
08/12/1997,NA
08/13/1997,NA
08/14/1997,NA
08/15/1997,NA
08/18/1997,NA
08/19/1997,NA
08/20/1997,NA
08/21/1997,NA
08/22/1997,NA
08/25/1997,NA
08/26/1997,NA
08/27/1997,NA
08/28/1997,NA
08/29/1997,NA
09/01/1997,NA
09/02/1997,NA
09/03/1997,NA
09/04/1997,NA
09/05/1997,NA
09/08/1997,NA
09/09/1997,NA
09/10/1997,NA
09/11/1997,NA
09/12/1997,NA
09/15/1997,NA
09/16/1997,NA
09/17/1997,NA
09/18/1997,NA
09/19/1997,NA
09/22/1997,NA
09/23/1997,NA
09/24/1997,NA
09/25/1997,16119.2
09/26/1997,1313.8
09/29/1997,1636.2
09/30/1997,1494
10/01/1997,6369.7
10/02/1997,4196.2
10/03/1997,1482.9
10/06/1997,1046.8
10/07/1997,1710.3
10/08/1997,717.4
10/09/1997,312.5
10/10/1997,874.1
10/13/1997,93.3
10/14/1997,300.5
10/15/1997,2174.8
10/16/1997,497.5
10/17/1997,385
10/20/1997,375.9
10/21/1997,1696.4
10/22/1997,125.5
10/23/1997,152.8
10/24/1997,141.9
10/27/1997,37.4
10/28/1997,942.9
10/29/1997,190.1
10/30/1997,673.9
10/31/1997,605.6
11/03/1997,307.9
11/04/1997,289.9
11/05/1997,30.9
11/06/1997,144.5
11/07/1997,246.9
11/10/1997,237.3
11/11/1997,306.1
11/12/1997,239.8
11/13/1997,532.2
11/14/1997,193.3
11/17/1997,237.3
11/18/1997,394.4
11/19/1997,824.2
11/20/1997,771
11/21/1997,1341.5
11/24/1997,NA
11/25/1997,608.4
11/26/1997,203.1
11/27/1997,579.8
11/28/1997,145.7
12/01/1997,205
12/02/1997,732.6
12/03/1997,276.2
12/04/1997,184.9
12/05/1997,183.1
12/08/1997,57.2
12/09/1997,336.4
12/10/1997,531.5
12/11/1997,337.6
12/12/1997,375.9
12/15/1997,18.7
12/16/1997,NA
12/17/1997,147.1
12/18/1997,502.5
12/19/1997,121.4
12/22/1997,63.2
12/23/1997,23.8
12/24/1997,3526.9
12/25/1997,NA
12/26/1997,NA
12/29/1997,352.1
12/30/1997,249.9
12/31/1997,147.2
01/01/1998,NA
01/02/1998,NA
01/05/1998,419.9
01/06/1998,182.1
01/07/1998,187.2
01/08/1998,210.5
01/09/1998,155.5
01/12/1998,515.1
01/13/1998,358.2
01/14/1998,623.3
01/15/1998,578.5
01/16/1998,413.7
01/19/1998,500.4
01/20/1998,471.8
01/21/1998,136.2
01/22/1998,128.5
01/23/1998,68.3
01/26/1998,185.2
01/27/1998,97.8
01/28/1998,321.3
01/29/1998,195.9
01/30/1998,126.7
02/02/1998,650.1
02/03/1998,427.3
02/04/1998,262.3
02/05/1998,1410.5
02/06/1998,78.9
02/09/1998,304.1
02/10/1998,102.2
02/11/1998,120.4
02/12/1998,158.5
02/13/1998,21.2
02/16/1998,120.4
02/17/1998,377.9
02/18/1998,1435.3
02/19/1998,1552.7
02/20/1998,1205.4
02/23/1998,1053.4
02/24/1998,1610.4
02/25/1998,1425.1
02/26/1998,1298.7
02/27/1998,823.2
03/02/1998,949.7
03/03/1998,951.7
03/04/1998,667.8
03/05/1998,1766.3
03/06/1998,3855.7
03/09/1998,437.6
03/10/1998,426.6
03/11/1998,633.9
03/12/1998,1355.4
03/13/1998,702
03/16/1998,2249.6
03/17/1998,396.1
03/18/1998,227.7
03/19/1998,25740.7
03/20/1998,662.2
03/23/1998,383.4
03/24/1998,2406.9
03/25/1998,612.7
03/26/1998,1069.6
03/27/1998,880.1
03/30/1998,342.2
03/31/1998,3001.1
04/01/1998,303.8
04/02/1998,802.2
04/03/1998,263.1
04/06/1998,426
04/07/1998,817.2
04/08/1998,1193.8
04/09/1998,361.4
04/10/1998,NA
04/13/1998,NA
04/14/1998,6821.3
04/15/1998,559.1
04/16/1998,790.5
04/17/1998,615
04/20/1998,526.2
04/21/1998,1190.1
04/22/1998,1500.7
04/23/1998,3390.3
04/24/1998,509.8
04/27/1998,NA
04/28/1998,509.2
04/29/1998,465.1
04/30/1998,325.2
05/01/1998,NA
05/04/1998,417.5
05/05/1998,1272.1
05/06/1998,199.3
05/07/1998,2516.3
05/08/1998,152.3
05/11/1998,3264.5
05/12/1998,1957.9
05/13/1998,1319.4
05/14/1998,411.7
05/15/1998,1508.3
05/18/1998,543.6
05/19/1998,373.1
05/20/1998,160.1
05/21/1998,5613.1
05/22/1998,224.1
05/25/1998,452.1
05/26/1998,172.1
05/27/1998,889.8
05/28/1998,1867.5
05/29/1998,466.8
06/01/1998,660.3
06/02/1998,927.2
06/03/1998,1033.2
06/04/1998,656.9
06/05/1998,243.5
06/08/1998,4986.9
06/09/1998,81.3
06/10/1998,143.6
06/11/1998,479.6
06/12/1998,508.9
06/15/1998,526
06/16/1998,NA
06/17/1998,330.3
06/18/1998,1178.2
06/19/1998,203.8
06/22/1998,113.1
06/23/1998,267.8
06/24/1998,308.7
06/25/1998,284.4
06/26/1998,1554.3
06/29/1998,223.5
06/30/1998,1242.3
07/01/1998,1347
07/02/1998,411.1
07/03/1998,131.5
07/06/1998,259.9
07/07/1998,457.5
07/08/1998,1234.9
07/09/1998,205.3
07/10/1998,266.9
07/13/1998,444.9
07/14/1998,1791
07/15/1998,1478.4
07/16/1998,376.3
07/17/1998,297
07/20/1998,417.2
07/21/1998,1464.6
07/22/1998,1651.5
07/23/1998,1370.6
07/24/1998,3643.3
07/27/1998,319.1
07/28/1998,5189.4
07/29/1998,133.2
07/30/1998,373.6
07/31/1998,1858.2
08/03/1998,1219.6
08/04/1998,2336.7
08/05/1998,967.4
08/06/1998,2620.9
08/07/1998,2382.7
08/10/1998,NA
08/11/1998,709.4
08/12/1998,638.5
08/13/1998,2874.4
08/14/1998,280
08/17/1998,995.9
08/18/1998,145.5
08/19/1998,543.6
08/20/1998,518.3
08/21/1998,1087
08/24/1998,889.4
08/25/1998,1256
08/26/1998,601.6
08/27/1998,2704.5
08/28/1998,1595.7
08/31/1998,2660.4
09/01/1998,2447.3
09/02/1998,3369.8
09/03/1998,2031.9
09/04/1998,3200.7
09/07/1998,1148.5
09/08/1998,2034.2
09/09/1998,2888.4
09/10/1998,266.7
09/11/1998,1284.9
09/14/1998,1217.9
09/15/1998,837.9
09/16/1998,3640.1
09/17/1998,2194.7
09/18/1998,721.8
09/21/1998,716.1
09/22/1998,3893.5
09/23/1998,12334.2
09/24/1998,NA
09/25/1998,1441.1
09/28/1998,2531.5
09/29/1998,1941.6
09/30/1998,2598.8
10/01/1998,1778.2
10/02/1998,1315.5
10/05/1998,1355.3
10/06/1998,2479.6
10/07/1998,3881.2
10/08/1998,5655.8
10/09/1998,1222.4
10/12/1998,2157
10/13/1998,2069.5
10/14/1998,2418.5
10/15/1998,6544.7
10/16/1998,2253.3
10/19/1998,1741.5
10/20/1998,1495.3
10/21/1998,1353.2
10/22/1998,512.2
10/23/1998,9011.9
10/26/1998,306.3
10/27/1998,625.9
10/28/1998,687.3
10/29/1998,513.1
10/30/1998,974.2
11/02/1998,442.4
11/03/1998,1519.7
11/04/1998,2177.1
11/05/1998,2535.5
11/06/1998,2281.6
11/09/1998,1546.9
11/10/1998,1567.2
11/11/1998,713.1
11/12/1998,605.8
11/13/1998,1348.9
11/16/1998,919.7
11/17/1998,1301.2
11/18/1998,2528.3
11/19/1998,439.6
11/20/1998,4718.2
11/23/1998,1286.8
11/24/1998,720.8
11/25/1998,327.9
11/26/1998,180.6
11/27/1998,211.8
11/30/1998,302.8
12/01/1998,1256.4
12/02/1998,571.9
12/03/1998,674
12/04/1998,685.1
12/07/1998,3140.5
12/08/1998,193.8
12/09/1998,1456.1
12/10/1998,849
12/11/1998,247.7
12/14/1998,1001.9
12/15/1998,486.5
12/16/1998,NA
12/17/1998,528.4
12/18/1998,251.1
12/21/1998,305.6
12/22/1998,1044.2
12/23/1998,1241.9
12/24/1998,99.6
12/25/1998,NA
12/28/1998,1496
12/29/1998,1472.5
12/30/1998,64.4
12/31/1998,25
01/01/1999,NA
01/04/1999,518.6
01/05/1999,1045.7
01/06/1999,2265.7
01/07/1999,2402.2
01/08/1999,1947.8
01/11/1999,3986
01/12/1999,7602.6
01/13/1999,5266
01/14/1999,1940.1
01/15/1999,1327.2
01/18/1999,979.9
01/19/1999,932.2
01/20/1999,1903.4
01/21/1999,656.4
01/22/1999,1374.6
01/25/1999,1334.6
01/26/1999,2010.7
01/27/1999,1431.2
01/28/1999,889.3
01/29/1999,602.1
02/01/1999,1690.1
02/02/1999,2881.1
02/03/1999,1048.5
02/04/1999,842.1
02/05/1999,857
02/08/1999,10294.2
02/09/1999,1096.7
02/10/1999,1436.6
02/11/1999,2755.6
02/12/1999,1112.1
02/15/1999,883.1
02/16/1999,1028.5
02/17/1999,449.6
02/18/1999,480.2
02/19/1999,1833.3
02/22/1999,2761.9
02/23/1999,3965.1
02/24/1999,1899.9
02/25/1999,3289.4
02/26/1999,946.8
03/01/1999,2437
03/02/1999,2361.8
03/03/1999,1304.4
03/04/1999,785.9
03/05/1999,3425.2
03/08/1999,674.3
03/09/1999,2192.8
03/10/1999,874
03/11/1999,3567.1
03/12/1999,1017.3
03/15/1999,3181.5
03/16/1999,520
03/17/1999,3416.4
03/18/1999,352.3
03/19/1999,2265.4
03/22/1999,NA
03/23/1999,6506.4
03/24/1999,1333.5
03/25/1999,1028.8
03/26/1999,786.7
03/29/1999,1166.1
03/30/1999,4037.8
03/31/1999,15213.4
04/01/1999,373.4
04/02/1999,NA
04/05/1999,NA
04/06/1999,183.2
04/07/1999,567.9
04/08/1999,3295.1
04/09/1999,1353.4
04/12/1999,214
04/13/1999,1308.6
04/14/1999,398.2
04/15/1999,322
04/16/1999,405
04/19/1999,143.1
04/20/1999,2433.8
04/21/1999,1537.9
04/22/1999,1625.4
04/23/1999,840.1
04/26/1999,705.4
04/27/1999,NA
04/28/1999,1057.4
04/29/1999,290.8
04/30/1999,1300.7
05/03/1999,566.5
05/04/1999,544.2
05/05/1999,678.3
05/06/1999,999.7
05/07/1999,1562.1
05/10/1999,2588.2
05/11/1999,2134.6
05/12/1999,571.9
05/13/1999,495.8
05/14/1999,557.5
05/17/1999,1522.2
05/18/1999,1477
05/19/1999,1219.5
05/20/1999,508.3
05/21/1999,2154.6
05/24/1999,3052.1
05/25/1999,2642.1
05/26/1999,373.8
05/27/1999,2584.7
05/28/1999,1200.6
05/31/1999,126.1
06/01/1999,6710.8
06/02/1999,NA
06/03/1999,950.8
06/04/1999,393.3
06/07/1999,387.3
06/08/1999,770.3
06/09/1999,662.1
06/10/1999,302.5
06/11/1999,1221
06/14/1999,2788.7
06/15/1999,299.6
06/16/1999,NA
06/17/1999,766.5
06/18/1999,247.2
06/21/1999,669.4
06/22/1999,420.1
06/23/1999,349.6
06/24/1999,227.5
06/25/1999,513.5
06/28/1999,2303.5
06/29/1999,413.2
06/30/1999,1431.8
07/01/1999,1391.9
07/02/1999,469.6
07/05/1999,1800
07/06/1999,6987.3
07/07/1999,535.8
07/08/1999,348.9
07/09/1999,775.2
07/12/1999,2640.7
07/13/1999,716.4
07/14/1999,1600.8
07/15/1999,902.3
07/16/1999,373
07/19/1999,2394.8
07/20/1999,1863.3
07/21/1999,1539.2
07/22/1999,650.9
07/23/1999,914.6
07/26/1999,1109.9
07/27/1999,1936.3
07/28/1999,1597.2
07/29/1999,1279.4
07/30/1999,575.8
08/02/1999,1656.6
08/03/1999,161.4
08/04/1999,773
08/05/1999,1343.9
08/06/1999,9520.4
08/09/1999,NA
08/10/1999,1617.7
08/11/1999,972.8
08/12/1999,2579.3
08/13/1999,394.2
08/16/1999,1194.5
08/17/1999,7608.8
08/18/1999,5198.9
08/19/1999,3329.6
08/20/1999,864
08/23/1999,1170.4
08/24/1999,754.4
08/25/1999,1867.4
08/26/1999,4418.3
08/27/1999,2500.1
08/30/1999,2254.9
08/31/1999,2636.5
09/01/1999,708.2
09/02/1999,1179.3
09/03/1999,1130
09/06/1999,454.8
09/07/1999,396.1
09/08/1999,291.7
09/09/1999,524.5
09/10/1999,1885
09/13/1999,250.1
09/14/1999,3974.1
09/15/1999,786.6
09/16/1999,260.9
09/17/1999,322
09/20/1999,280.1
09/21/1999,491.6
09/22/1999,2456.4
09/23/1999,684.6
09/24/1999,NA
09/27/1999,504.8
09/28/1999,376.4
09/29/1999,715.4
09/30/1999,684.9
10/01/1999,815.4
10/04/1999,2854.1
10/05/1999,2650.5
10/06/1999,536.2
10/07/1999,1955.6
10/08/1999,1606.6
10/11/1999,2023.3
10/12/1999,1479.2
10/13/1999,782.5
10/14/1999,880.2
10/15/1999,707
10/18/1999,583.4
10/19/1999,1032.1
10/20/1999,851.6
10/21/1999,1834.6
10/22/1999,1519.3
10/25/1999,2205.9
10/26/1999,1327.9
10/27/1999,681.5
10/28/1999,732.9
10/29/1999,1556.6
11/01/1999,985.6
11/02/1999,2182.9
11/03/1999,608.6
11/04/1999,600.7
11/05/1999,1636.3
11/08/1999,2850.7
11/09/1999,3333.2
11/10/1999,3208.2
11/11/1999,3785.9
11/12/1999,1658.9
11/15/1999,6694.1
11/16/1999,4440.7
11/17/1999,1139.5
11/18/1999,2922.2
11/19/1999,3987.7
11/22/1999,3937.1
11/23/1999,3744.3
11/24/1999,2800.3
11/25/1999,1765.1
11/26/1999,3335.7
11/29/1999,1900.9
11/30/1999,388.1
12/01/1999,447.6
12/02/1999,778.9
12/03/1999,863.4
12/06/1999,2352.4
12/07/1999,1176.8
12/08/1999,3061.7
12/09/1999,7292.3
12/10/1999,1776.9
12/13/1999,1807.5
12/14/1999,1137.8
12/15/1999,2074.9
12/16/1999,NA
12/17/1999,1393.4
12/20/1999,2407.7
12/21/1999,9040.4
12/22/1999,7507.4
12/23/1999,1699
12/24/1999,1940.8
12/27/1999,NA
12/28/1999,NA
12/29/1999,819.2
12/30/1999,NA
12/31/1999,NA
01/03/2000,NA
01/04/2000,2144
01/05/2000,2447.3
01/06/2000,2333.8
01/07/2000,3148.7
01/10/2000,3903
01/11/2000,5650.7
01/12/2000,2845.9
01/13/2000,2678.9
01/14/2000,7994.4
01/17/2000,10519.8
01/18/2000,8842.6
01/19/2000,3408.8
01/20/2000,4572.6
01/21/2000,4586.4
01/24/2000,1407.2
01/25/2000,1303.8
01/26/2000,1116.1
01/27/2000,560.8
01/28/2000,861.3
01/31/2000,809.6
02/01/2000,2861.1
02/02/2000,2423
02/03/2000,3270
02/04/2000,3717
02/07/2000,11762
02/08/2000,17158.3
02/09/2000,10771
02/10/2000,4068.4
02/11/2000,3887.1
02/14/2000,1669.4
02/15/2000,2565.6
02/16/2000,3785.5
02/17/2000,5439.5
02/18/2000,4613
02/21/2000,11551.1
02/22/2000,15709.8
02/23/2000,4276.8
02/24/2000,2366.2
02/25/2000,4731.1
02/28/2000,5156
02/29/2000,3585.4
03/01/2000,1953.1
03/02/2000,1773.5
03/03/2000,1553.8
03/06/2000,2163.5
03/07/2000,1296.5
03/08/2000,1535
03/09/2000,2758.3
03/10/2000,6121.4
03/13/2000,4118.3
03/14/2000,6226.7
03/15/2000,10726.3
03/16/2000,5479.3
03/17/2000,3451.9
03/20/2000,433.5
03/21/2000,NA
03/22/2000,2295
03/23/2000,2844.2
03/24/2000,2970.8
03/27/2000,1839.4
03/28/2000,1002.6
03/29/2000,691.3
03/30/2000,1338.2
03/31/2000,1465.3
04/03/2000,1787.1
04/04/2000,5196.5
04/05/2000,4574.4
04/06/2000,3594.6
04/07/2000,3120.1
04/10/2000,3193.5
04/11/2000,1854.7
04/12/2000,4515.6
04/13/2000,3404.1
04/14/2000,11475.2
04/17/2000,4572.2
04/18/2000,2707.3
04/19/2000,1618.7
04/20/2000,762.6
04/21/2000,NA
04/24/2000,NA
04/25/2000,1826.2
04/26/2000,1315.3
04/27/2000,NA
04/28/2000,915.5
05/01/2000,NA
05/02/2000,3441.3
05/03/2000,1402.7
05/04/2000,18503.3
05/05/2000,6305.1
05/08/2000,5537.7
05/09/2000,7362.7
05/10/2000,3446.2
05/11/2000,1805.1
05/12/2000,4089.6
05/15/2000,3589.5
05/16/2000,8677.6
05/17/2000,2627.9
05/18/2000,5281.7
05/19/2000,1889.2
05/22/2000,1026.7
05/23/2000,531
05/24/2000,2909.6
05/25/2000,2469.1
05/26/2000,1076.2
05/29/2000,1272
05/30/2000,2586.8
05/31/2000,1045.5
06/01/2000,994.7
06/02/2000,1019.9
06/05/2000,909.4
06/06/2000,166.3
06/07/2000,1756.7
06/08/2000,5408.6
06/09/2000,1735.5
06/12/2000,611.5
06/13/2000,365.6
06/14/2000,1201.1
06/15/2000,1971.4
06/16/2000,NA
06/19/2000,751.1
06/20/2000,424.1
06/21/2000,641.3
06/22/2000,933.5
06/23/2000,492.5
06/26/2000,400.2
06/27/2000,672.1
06/28/2000,726.8
06/29/2000,2333.2
06/30/2000,3271.1
07/03/2000,904.7
07/04/2000,1733.8
07/05/2000,5767
07/06/2000,1061.6
07/07/2000,857.6
07/10/2000,1839.9
07/11/2000,5107.3
07/12/2000,4578.9
07/13/2000,6076.9
07/14/2000,3319.8
07/17/2000,3562.3
07/18/2000,4331.3
07/19/2000,2111.2
07/20/2000,9065
07/21/2000,13634.1
07/24/2000,652.1
07/25/2000,1805.2
07/26/2000,4032.6
07/27/2000,5564.8
07/28/2000,62220.7
07/31/2000,7334.1
08/01/2000,2758.7
08/02/2000,420.2
08/03/2000,505.2
08/04/2000,2769.4
08/07/2000,1041.8
08/08/2000,1959.1
08/09/2000,NA
08/10/2000,1148.1
08/11/2000,1169.1
08/14/2000,1328.4
08/15/2000,1533.6
08/16/2000,1999.6
08/17/2000,2470.5
08/18/2000,1309.6
08/21/2000,1376.9
08/22/2000,8506.8
08/23/2000,4108.1
08/24/2000,2712.8
08/25/2000,2508.9
08/28/2000,4061
08/29/2000,7379.5
08/30/2000,3812.5
08/31/2000,2652.3
09/01/2000,1922.6
09/04/2000,1394.9
09/05/2000,5045.5
09/06/2000,18193.6
09/07/2000,10174.6
09/08/2000,1750.8
09/11/2000,1081
09/12/2000,3609.8
09/13/2000,1562.1
09/14/2000,1812.2
09/15/2000,449
09/18/2000,700.4
09/19/2000,2090.5
09/20/2000,2399.2
09/21/2000,1613.5
09/22/2000,1575
09/25/2000,NA
09/26/2000,1512.3
09/27/2000,147.9
09/28/2000,2133.6
09/29/2000,4111.1
10/02/2000,1142.5
10/03/2000,583.7
10/04/2000,699.4
10/05/2000,1187.7
10/06/2000,933.1
10/09/2000,1004.5
10/10/2000,22409.9
10/11/2000,444.3
10/12/2000,1262.9
10/13/2000,605
10/16/2000,1872.3
10/17/2000,1415.4
10/18/2000,700.7
10/19/2000,476.9
10/20/2000,230.5
10/23/2000,263
10/24/2000,829.7
10/25/2000,2169.4
10/26/2000,1999.2
10/27/2000,1041.4
10/30/2000,773.9
10/31/2000,367.3
11/01/2000,544.3
11/02/2000,175.5
11/03/2000,1343.1
11/06/2000,755.3
11/07/2000,2400.3
11/08/2000,2483.2
11/09/2000,1444.8
11/10/2000,1243.9
11/13/2000,3373.6
11/14/2000,954.6
11/15/2000,797.1
11/16/2000,985.2
11/17/2000,1559.7
11/20/2000,2419.7
11/21/2000,975.7
11/22/2000,1483.2
11/23/2000,655.2
11/24/2000,535
11/27/2000,528.7
11/28/2000,145.8
11/29/2000,44.7
11/30/2000,484.6
12/01/2000,340.2
12/04/2000,19.4
12/05/2000,NA
12/06/2000,512.2
12/07/2000,197.8
12/08/2000,149.6
12/11/2000,522.3
12/12/2000,2067.9
12/13/2000,1606.8
12/14/2000,1399.8
12/15/2000,731.9
12/18/2000,411
12/19/2000,672.1
12/20/2000,165.5
12/21/2000,692.3
12/22/2000,281.2
12/25/2000,NA
12/26/2000,NA
12/27/2000,696
12/28/2000,926.7
12/29/2000,450.7
01/01/2001,NA
01/02/2001,135.9
01/03/2001,256.1
01/04/2001,171.2
01/05/2001,82.7
01/08/2001,47
01/09/2001,279.3
01/10/2001,752.2
01/11/2001,143.1
01/12/2001,796.3
01/15/2001,178.9
01/16/2001,325
01/17/2001,7866.6
01/18/2001,1065
01/19/2001,1015.8
01/22/2001,830.1
01/23/2001,174.7
01/24/2001,132.2
01/25/2001,350.8
01/26/2001,643
01/29/2001,65.4
01/30/2001,286
01/31/2001,332.2
02/01/2001,565.3
02/02/2001,880.1
02/05/2001,482.8
02/06/2001,178
02/07/2001,172.8
02/08/2001,770.3
02/09/2001,272.3
02/12/2001,446.8
02/13/2001,5572.2
02/14/2001,8123
02/15/2001,497.5
02/16/2001,575.8
02/19/2001,36.5
02/20/2001,160
02/21/2001,275.7
02/22/2001,206.6
02/23/2001,245
02/26/2001,194.3
02/27/2001,1864.3
02/28/2001,1414.3
03/01/2001,858.2
03/02/2001,771.8
03/05/2001,44.4
03/06/2001,77.6
03/07/2001,123.5
03/08/2001,18.9
03/09/2001,1683.7
03/12/2001,14.3
03/13/2001,30.2
03/14/2001,384.8
03/15/2001,121.3
03/16/2001,20.4
03/19/2001,767.4
03/20/2001,215.2
03/21/2001,NA
03/22/2001,99.3
03/23/2001,1227.3
03/26/2001,244.5
03/27/2001,625.2
03/28/2001,218.8
03/29/2001,702.8
03/30/2001,513.8
04/02/2001,52.8
04/03/2001,136.5
04/04/2001,132.8
04/05/2001,8.2
04/06/2001,11.4
04/09/2001,12.4
04/10/2001,41.9
04/11/2001,205.6
04/12/2001,24.1
04/13/2001,NA
04/16/2001,NA
04/17/2001,42
04/18/2001,61.3
04/19/2001,57
04/20/2001,50.5
04/23/2001,21.5
04/24/2001,103.5
04/25/2001,184.6
04/26/2001,50.9
04/27/2001,NA
04/30/2001,7.3
05/01/2001,NA
05/02/2001,123.3
05/03/2001,186.6
05/04/2001,118.3
05/07/2001,54.8
05/08/2001,53
05/09/2001,118.9
05/10/2001,137.4
05/11/2001,23.8
05/14/2001,1039.9
05/15/2001,50.2
05/16/2001,327.3
05/17/2001,89.6
05/18/2001,60.2
05/21/2001,24.7
05/22/2001,83.9
05/23/2001,51.2
05/24/2001,2.3
05/25/2001,19.7
05/28/2001,48.4
05/29/2001,28.5
05/30/2001,14
05/31/2001,16.1
06/01/2001,57.7
06/04/2001,159.1
06/05/2001,35.5
06/06/2001,19.2
06/07/2001,36.6
06/08/2001,37.4
06/11/2001,16.7
06/12/2001,431.7
06/13/2001,143.5
06/14/2001,112.6
06/15/2001,19.8
06/18/2001,5.6
06/19/2001,378
06/20/2001,8.7
06/21/2001,104.6
06/22/2001,35.1
06/25/2001,22.8
06/26/2001,231
06/27/2001,6.9
06/28/2001,137.2
06/29/2001,208.7
07/02/2001,75.6
07/03/2001,10
07/04/2001,466.2
07/05/2001,2.5
07/06/2001,50.5
07/09/2001,15.7
07/10/2001,573.8
07/11/2001,2350.2
07/12/2001,122.1
07/13/2001,231.6
07/16/2001,143.4
07/17/2001,33.8
07/18/2001,7.8
07/19/2001,30.9
07/20/2001,744.7
07/23/2001,109.4
07/24/2001,7.5
07/25/2001,1667.9
07/26/2001,791.7
07/27/2001,1027.3
07/30/2001,18.4
07/31/2001,1010.9
08/01/2001,62
08/02/2001,430.2
08/03/2001,2.3
08/06/2001,1404.3
08/07/2001,2.9
08/08/2001,4
08/09/2001,NA
08/10/2001,14.8
08/13/2001,17.9
08/14/2001,300.2
08/15/2001,63.8
08/16/2001,4.5
08/17/2001,390
08/20/2001,9.4
08/21/2001,24
08/22/2001,66.6
08/23/2001,53.2
08/24/2001,14.4
08/27/2001,3.6
08/28/2001,15.1
08/29/2001,16.6
08/30/2001,104.5
08/31/2001,321.1
09/03/2001,1.1
09/04/2001,156.6
09/05/2001,20.4
09/06/2001,4.4
09/07/2001,12.9
09/10/2001,18.5
09/11/2001,132.1
09/12/2001,16.2
09/13/2001,5.5
09/14/2001,10
09/17/2001,27.6
09/18/2001,5.3
09/19/2001,2
09/20/2001,23.5
09/21/2001,12.2
09/24/2001,NA
09/25/2001,7.4
09/26/2001,8.3
09/27/2001,207
09/28/2001,24.9
10/01/2001,2
10/02/2001,288
10/03/2001,NA
10/04/2001,NA
10/05/2001,NA
10/08/2001,NA
10/09/2001,NA
10/10/2001,NA
10/11/2001,NA
10/12/2001,NA
10/15/2001,NA
10/16/2001,NA
10/17/2001,NA
10/18/2001,NA
10/19/2001,NA
10/22/2001,NA
10/23/2001,NA
10/24/2001,NA
10/25/2001,NA
10/26/2001,NA
10/29/2001,NA
10/30/2001,NA
10/31/2001,NA
11/01/2001,NA
11/02/2001,NA
11/05/2001,NA
11/06/2001,NA
11/07/2001,NA
11/08/2001,NA
11/09/2001,NA
11/12/2001,NA
11/13/2001,NA
11/14/2001,NA
11/15/2001,NA
11/16/2001,NA
11/19/2001,NA
11/20/2001,NA
11/21/2001,NA
11/22/2001,NA
11/23/2001,NA
11/26/2001,NA
11/27/2001,NA
11/28/2001,NA
11/29/2001,NA
11/30/2001,NA
12/03/2001,NA
12/04/2001,NA
12/05/2001,NA
12/06/2001,NA
12/07/2001,NA
12/10/2001,NA
12/11/2001,NA
12/12/2001,NA
12/13/2001,NA
12/14/2001,NA
12/17/2001,NA
12/18/2001,NA
12/19/2001,NA
12/20/2001,NA
12/21/2001,NA
12/24/2001,NA
12/25/2001,NA
12/26/2001,NA
12/27/2001,NA
12/28/2001,NA
12/31/2001,NA
01/01/2002,NA
01/02/2002,NA
01/03/2002,NA
01/04/2002,NA
01/07/2002,NA
01/08/2002,NA
01/09/2002,NA
01/10/2002,NA
01/11/2002,NA
01/14/2002,NA
01/15/2002,NA
01/16/2002,NA
01/17/2002,NA
01/18/2002,NA
01/21/2002,NA
01/22/2002,NA
01/23/2002,NA
01/24/2002,NA
01/25/2002,NA
01/28/2002,NA
01/29/2002,NA
01/30/2002,NA
01/31/2002,NA
02/01/2002,NA
02/04/2002,NA
02/05/2002,NA
02/06/2002,NA
02/07/2002,NA
02/08/2002,NA
02/11/2002,NA
02/12/2002,NA
02/13/2002,NA
02/14/2002,NA
02/15/2002,NA
02/18/2002,NA
02/19/2002,NA
02/20/2002,NA
02/21/2002,NA
02/22/2002,NA
02/25/2002,NA
02/26/2002,NA
02/27/2002,NA
02/28/2002,NA
03/01/2002,NA
03/04/2002,NA
03/05/2002,NA
03/06/2002,NA
03/07/2002,NA
03/08/2002,NA
03/11/2002,NA
03/12/2002,NA
03/13/2002,NA
03/14/2002,NA
03/15/2002,NA
03/18/2002,NA
03/19/2002,NA
03/20/2002,NA
03/21/2002,NA
03/22/2002,NA
03/25/2002,NA
03/26/2002,NA
03/27/2002,NA
03/28/2002,NA
03/29/2002,NA
04/01/2002,NA
04/02/2002,NA
04/03/2002,NA
04/04/2002,NA
04/05/2002,NA
04/08/2002,NA
04/09/2002,NA
04/10/2002,NA
04/11/2002,NA
04/12/2002,NA
04/15/2002,NA
04/16/2002,NA
04/17/2002,NA
04/18/2002,NA
04/19/2002,NA
04/22/2002,NA
04/23/2002,NA
04/24/2002,NA
04/25/2002,NA
04/26/2002,NA
04/29/2002,NA
04/30/2002,NA
05/01/2002,NA
05/02/2002,NA
05/03/2002,NA
05/06/2002,NA
05/07/2002,NA
05/08/2002,NA
05/09/2002,NA
05/10/2002,NA
05/13/2002,NA
05/14/2002,NA
05/15/2002,NA
05/16/2002,NA
05/17/2002,NA
05/20/2002,NA
05/21/2002,NA
05/22/2002,NA
05/23/2002,NA
05/24/2002,NA
05/27/2002,NA
05/28/2002,NA
05/29/2002,NA
05/30/2002,NA
05/31/2002,NA
06/03/2002,NA
06/04/2002,NA
06/05/2002,NA
06/06/2002,NA
06/07/2002,NA
06/10/2002,NA
06/11/2002,NA
06/12/2002,NA
06/13/2002,NA
06/14/2002,NA
06/17/2002,NA
06/18/2002,NA
06/19/2002,NA
06/20/2002,NA
06/21/2002,NA
06/24/2002,NA
06/25/2002,NA
06/26/2002,NA
06/27/2002,NA
06/28/2002,NA
07/01/2002,NA
07/02/2002,NA
07/03/2002,NA
07/04/2002,NA
07/05/2002,NA
07/08/2002,NA
07/09/2002,NA
07/10/2002,NA
07/11/2002,NA
07/12/2002,NA
07/15/2002,NA
07/16/2002,NA
07/17/2002,NA
07/18/2002,NA
07/19/2002,NA
07/22/2002,NA
07/23/2002,NA
07/24/2002,NA
07/25/2002,NA
07/26/2002,NA
07/29/2002,NA
07/30/2002,NA
07/31/2002,NA
08/01/2002,NA
08/02/2002,NA
08/05/2002,NA
08/06/2002,NA
08/07/2002,NA
08/08/2002,NA
08/09/2002,NA
08/12/2002,NA
08/13/2002,NA
08/14/2002,NA
08/15/2002,NA
08/16/2002,NA
08/19/2002,NA
08/20/2002,NA
08/21/2002,NA
08/22/2002,NA
08/23/2002,NA
08/26/2002,NA
08/27/2002,NA
08/28/2002,NA
08/29/2002,NA
08/30/2002,NA
09/02/2002,NA
09/03/2002,NA
09/04/2002,NA
09/05/2002,NA
09/06/2002,NA
09/09/2002,NA
09/10/2002,NA
09/11/2002,NA
09/12/2002,NA
09/13/2002,NA
09/16/2002,NA
09/17/2002,NA
09/18/2002,NA
09/19/2002,NA
09/20/2002,NA
09/23/2002,NA
09/24/2002,NA
09/25/2002,NA
09/26/2002,NA
09/27/2002,NA
09/30/2002,NA
10/01/2002,NA
10/02/2002,NA
10/03/2002,NA
10/04/2002,NA
10/07/2002,NA
10/08/2002,NA
10/09/2002,NA
10/10/2002,NA
10/11/2002,NA
10/14/2002,NA
10/15/2002,NA
10/16/2002,NA
10/17/2002,NA
10/18/2002,NA
10/21/2002,NA
10/22/2002,NA
10/23/2002,NA
10/24/2002,NA
10/25/2002,NA
10/28/2002,NA
10/29/2002,NA
10/30/2002,NA
10/31/2002,NA
11/01/2002,NA
11/04/2002,NA
11/05/2002,NA
11/06/2002,NA
11/07/2002,NA
11/08/2002,NA
11/11/2002,NA
11/12/2002,NA
11/13/2002,NA
11/14/2002,NA
11/15/2002,NA
11/18/2002,NA
11/19/2002,NA
11/20/2002,NA
11/21/2002,NA
11/22/2002,NA
11/25/2002,NA
11/26/2002,NA
11/27/2002,NA
11/28/2002,NA
11/29/2002,NA
12/02/2002,NA
12/03/2002,NA
12/04/2002,NA
12/05/2002,NA
12/06/2002,NA
12/09/2002,NA
12/10/2002,NA
12/11/2002,NA
12/12/2002,NA
12/13/2002,NA
12/16/2002,NA
12/17/2002,NA
12/18/2002,NA
12/19/2002,NA
12/20/2002,NA
12/23/2002,NA
12/24/2002,NA
12/25/2002,NA
12/26/2002,NA
12/27/2002,NA
12/30/2002,NA
12/31/2002,NA
01/01/2003,NA
01/02/2003,NA
01/03/2003,NA
01/06/2003,NA
01/07/2003,NA
01/08/2003,NA
01/09/2003,NA
01/10/2003,NA
01/13/2003,NA
01/14/2003,NA
01/15/2003,NA
01/16/2003,NA
01/17/2003,NA
01/20/2003,NA
01/21/2003,NA
01/22/2003,NA
01/23/2003,NA
01/24/2003,NA
01/27/2003,NA
01/28/2003,NA
01/29/2003,NA
01/30/2003,NA
01/31/2003,NA
02/03/2003,NA
02/04/2003,NA
02/05/2003,NA
02/06/2003,NA
02/07/2003,NA
02/10/2003,NA
02/11/2003,NA
02/12/2003,NA
02/13/2003,NA
02/14/2003,NA
02/17/2003,NA
02/18/2003,NA
02/19/2003,NA
02/20/2003,NA
02/21/2003,NA
02/24/2003,NA
02/25/2003,NA
02/26/2003,NA
02/27/2003,NA
02/28/2003,NA
03/03/2003,NA
03/04/2003,NA
03/05/2003,NA
03/06/2003,NA
03/07/2003,NA
03/10/2003,NA
03/11/2003,NA
03/12/2003,NA
03/13/2003,NA
03/14/2003,NA
03/17/2003,NA
03/18/2003,NA
03/19/2003,NA
03/20/2003,NA
03/21/2003,NA
03/24/2003,NA
03/25/2003,NA
03/26/2003,NA
03/27/2003,NA
03/28/2003,NA
03/31/2003,NA
04/01/2003,NA
04/02/2003,NA
04/03/2003,NA
04/04/2003,NA
04/07/2003,NA
04/08/2003,NA
04/09/2003,NA
04/10/2003,NA
04/11/2003,NA
04/14/2003,NA
04/15/2003,NA
04/16/2003,NA
04/17/2003,NA
04/18/2003,NA
04/21/2003,NA
04/22/2003,NA
04/23/2003,NA
04/24/2003,NA
04/25/2003,NA
04/28/2003,NA
04/29/2003,NA
04/30/2003,NA
05/01/2003,NA
05/02/2003,NA
05/05/2003,NA
05/06/2003,NA
05/07/2003,NA
05/08/2003,NA
05/09/2003,NA
05/12/2003,NA
05/13/2003,NA
05/14/2003,NA
05/15/2003,NA
05/16/2003,NA
05/19/2003,NA
05/20/2003,NA
05/21/2003,NA
05/22/2003,NA
05/23/2003,NA
05/26/2003,NA
05/27/2003,NA
05/28/2003,NA
05/29/2003,NA
05/30/2003,NA
06/02/2003,NA
06/03/2003,NA
06/04/2003,NA
06/05/2003,NA
06/06/2003,NA
06/09/2003,NA
06/10/2003,NA
06/11/2003,NA
06/12/2003,NA
06/13/2003,NA
06/16/2003,NA
06/17/2003,NA
06/18/2003,NA
06/19/2003,NA
06/20/2003,NA
06/23/2003,NA
06/24/2003,NA
06/25/2003,NA
06/26/2003,NA
06/27/2003,NA
06/30/2003,NA
07/01/2003,NA
07/02/2003,NA
07/03/2003,NA
07/04/2003,NA
07/07/2003,NA
07/08/2003,NA
07/09/2003,NA
07/10/2003,NA
07/11/2003,NA
07/14/2003,NA
07/15/2003,NA
07/16/2003,NA
07/17/2003,NA
07/18/2003,NA
07/21/2003,NA
07/22/2003,NA
07/23/2003,NA
07/24/2003,NA
07/25/2003,NA
07/28/2003,NA
07/29/2003,NA
07/30/2003,NA
07/31/2003,NA
08/01/2003,NA
08/04/2003,NA
08/05/2003,NA
08/06/2003,NA
08/07/2003,NA
08/08/2003,NA
08/11/2003,NA
08/12/2003,NA
08/13/2003,NA
08/14/2003,NA
08/15/2003,NA
08/18/2003,NA
08/19/2003,NA
08/20/2003,NA
08/21/2003,NA
08/22/2003,NA
08/25/2003,NA
08/26/2003,NA
08/27/2003,NA
08/28/2003,NA
08/29/2003,NA
09/01/2003,NA
09/02/2003,NA
09/03/2003,NA
09/04/2003,NA
09/05/2003,NA
09/08/2003,NA
09/09/2003,NA
09/10/2003,NA
09/11/2003,NA
09/12/2003,NA
09/15/2003,NA
09/16/2003,NA
09/17/2003,NA
09/18/2003,NA
09/19/2003,NA
09/22/2003,NA
09/23/2003,NA
09/24/2003,NA
09/25/2003,NA
09/26/2003,NA
09/29/2003,NA
09/30/2003,NA
10/01/2003,NA
10/02/2003,NA
10/03/2003,NA
10/06/2003,NA
10/07/2003,NA
10/08/2003,NA
10/09/2003,NA
10/10/2003,NA
10/13/2003,NA
10/14/2003,NA
10/15/2003,NA
10/16/2003,NA
10/17/2003,NA
10/20/2003,NA
10/21/2003,NA
10/22/2003,NA
10/23/2003,NA
10/24/2003,NA
10/27/2003,NA
10/28/2003,NA
10/29/2003,NA
10/30/2003,NA
10/31/2003,NA
11/03/2003,NA
11/04/2003,NA
11/05/2003,NA
11/06/2003,NA
11/07/2003,NA
11/10/2003,NA
11/11/2003,NA
11/12/2003,NA
11/13/2003,NA
11/14/2003,NA
11/17/2003,NA
11/18/2003,NA
11/19/2003,NA
11/20/2003,NA
11/21/2003,NA
11/24/2003,NA
11/25/2003,NA
11/26/2003,NA
11/27/2003,NA
11/28/2003,NA
12/01/2003,NA
12/02/2003,NA
12/03/2003,NA
12/04/2003,NA
12/05/2003,NA
12/08/2003,NA
12/09/2003,NA
12/10/2003,NA
12/11/2003,NA
12/12/2003,NA
12/15/2003,NA
12/16/2003,NA
12/17/2003,NA
12/18/2003,NA
12/19/2003,NA
12/22/2003,NA
12/23/2003,NA
12/24/2003,NA
12/25/2003,NA
12/26/2003,NA
12/29/2003,NA
12/30/2003,NA
12/31/2003,NA
01/01/2004,NA
01/02/2004,NA
01/05/2004,NA
01/06/2004,NA
01/07/2004,NA
01/08/2004,NA
01/09/2004,NA
01/12/2004,NA
01/13/2004,NA
01/14/2004,NA
01/15/2004,NA
01/16/2004,NA
01/19/2004,NA
01/20/2004,NA
01/21/2004,NA
01/22/2004,NA
01/23/2004,NA
01/26/2004,NA
01/27/2004,NA
01/28/2004,NA
01/29/2004,NA
01/30/2004,NA
02/02/2004,NA
02/03/2004,NA
02/04/2004,NA
02/05/2004,NA
02/06/2004,NA
02/09/2004,NA
02/10/2004,NA
02/11/2004,NA
02/12/2004,NA
02/13/2004,NA
02/16/2004,NA
02/17/2004,NA
02/18/2004,NA
02/19/2004,NA
02/20/2004,NA
02/23/2004,NA
02/24/2004,NA
02/25/2004,NA
02/26/2004,NA
02/27/2004,NA
03/01/2004,NA
03/02/2004,NA
03/03/2004,NA
03/04/2004,NA
03/05/2004,NA
03/08/2004,NA
03/09/2004,NA
03/10/2004,NA
03/11/2004,NA
03/12/2004,NA
03/15/2004,NA
03/16/2004,NA
03/17/2004,NA
03/18/2004,NA
03/19/2004,NA
03/22/2004,NA
03/23/2004,NA
03/24/2004,NA
03/25/2004,NA
03/26/2004,NA
03/29/2004,NA
03/30/2004,NA
03/31/2004,NA
04/01/2004,NA
04/02/2004,NA
04/05/2004,NA
04/06/2004,NA
04/07/2004,NA
04/08/2004,NA
04/09/2004,NA
04/12/2004,NA
04/13/2004,NA
04/14/2004,NA
04/15/2004,NA
04/16/2004,NA
04/19/2004,NA
04/20/2004,NA
04/21/2004,NA
04/22/2004,NA
04/23/2004,NA
04/26/2004,NA
04/27/2004,NA
04/28/2004,NA
04/29/2004,NA
04/30/2004,NA
05/03/2004,NA
05/04/2004,NA
05/05/2004,NA
05/06/2004,NA
05/07/2004,NA
05/10/2004,NA
05/11/2004,NA
05/12/2004,NA
05/13/2004,NA
05/14/2004,NA
05/17/2004,NA
05/18/2004,NA
05/19/2004,NA
05/20/2004,NA
05/21/2004,NA
05/24/2004,NA
05/25/2004,NA
05/26/2004,NA
05/27/2004,NA
05/28/2004,NA
05/31/2004,NA
06/01/2004,NA
06/02/2004,NA
06/03/2004,NA
06/04/2004,NA
06/07/2004,NA
06/08/2004,NA
06/09/2004,NA
06/10/2004,NA
06/11/2004,NA
06/14/2004,NA
06/15/2004,NA
06/16/2004,NA
06/17/2004,NA
06/18/2004,NA
06/21/2004,NA
06/22/2004,NA
06/23/2004,NA
06/24/2004,NA
06/25/2004,NA
06/28/2004,NA
06/29/2004,NA
06/30/2004,NA
07/01/2004,NA
07/02/2004,NA
07/05/2004,NA
07/06/2004,NA
07/07/2004,NA
07/08/2004,NA
07/09/2004,NA
07/12/2004,NA
07/13/2004,NA
07/14/2004,NA
07/15/2004,NA
07/16/2004,NA
07/19/2004,NA
07/20/2004,NA
07/21/2004,NA
07/22/2004,NA
07/23/2004,NA
07/26/2004,NA
07/27/2004,NA
07/28/2004,NA
07/29/2004,NA
07/30/2004,NA
08/02/2004,NA
08/03/2004,NA
08/04/2004,NA
08/05/2004,NA
08/06/2004,NA
08/09/2004,NA
08/10/2004,NA
08/11/2004,NA
08/12/2004,NA
08/13/2004,NA
08/16/2004,NA
08/17/2004,NA
08/18/2004,NA
08/19/2004,NA
08/20/2004,NA
08/23/2004,NA
08/24/2004,NA
08/25/2004,NA
08/26/2004,NA
08/27/2004,NA
08/30/2004,NA
08/31/2004,NA
09/01/2004,NA
09/02/2004,NA
09/03/2004,NA
09/06/2004,NA
09/07/2004,NA
09/08/2004,NA
09/09/2004,NA
09/10/2004,NA
09/13/2004,NA
09/14/2004,NA
09/15/2004,NA
09/16/2004,NA
09/17/2004,NA
09/20/2004,NA
09/21/2004,NA
09/22/2004,NA
09/23/2004,NA
09/24/2004,NA
09/27/2004,NA
09/28/2004,NA
09/29/2004,NA
09/30/2004,NA
10/01/2004,NA
10/04/2004,NA
10/05/2004,NA
10/06/2004,NA
10/07/2004,NA
10/08/2004,NA
10/11/2004,NA
10/12/2004,NA
10/13/2004,NA
10/14/2004,NA
10/15/2004,NA
10/18/2004,NA
10/19/2004,NA
10/20/2004,NA
10/21/2004,NA
10/22/2004,NA
10/25/2004,NA
10/26/2004,NA
10/27/2004,NA
10/28/2004,NA
10/29/2004,NA
11/01/2004,NA
11/02/2004,NA
11/03/2004,NA
11/04/2004,NA
11/05/2004,NA
11/08/2004,NA
11/09/2004,NA
11/10/2004,NA
11/11/2004,NA
11/12/2004,NA
11/15/2004,NA
11/16/2004,NA
11/17/2004,NA
11/18/2004,NA
11/19/2004,NA
11/22/2004,NA
11/23/2004,NA
11/24/2004,NA
11/25/2004,NA
11/26/2004,NA
11/29/2004,NA
11/30/2004,NA
12/01/2004,NA
12/02/2004,NA
12/03/2004,NA
12/06/2004,NA
12/07/2004,NA
12/08/2004,NA
12/09/2004,NA
12/10/2004,NA
12/13/2004,NA
12/14/2004,NA
12/15/2004,NA
12/16/2004,NA
12/17/2004,NA
12/20/2004,NA
12/21/2004,NA
12/22/2004,NA
12/23/2004,NA
12/24/2004,NA
12/27/2004,NA
12/28/2004,NA
12/29/2004,NA
12/30/2004,NA
12/31/2004,NA
01/03/2005,NA
01/04/2005,NA
01/05/2005,NA
01/06/2005,NA
01/07/2005,NA
01/10/2005,NA
01/11/2005,NA
01/12/2005,NA
01/13/2005,NA
01/14/2005,NA
01/17/2005,NA
01/18/2005,NA
01/19/2005,NA
01/20/2005,NA
01/21/2005,NA
01/24/2005,NA
01/25/2005,NA
01/26/2005,NA
01/27/2005,NA
01/28/2005,NA
01/31/2005,NA
02/01/2005,NA
02/02/2005,NA
02/03/2005,NA
02/04/2005,NA
02/07/2005,NA
02/08/2005,NA
02/09/2005,NA
02/10/2005,NA
02/11/2005,NA
02/14/2005,NA
02/15/2005,NA
02/16/2005,NA
02/17/2005,NA
02/18/2005,NA
02/21/2005,NA
02/22/2005,NA
02/23/2005,NA
02/24/2005,NA
02/25/2005,NA
02/28/2005,NA
03/01/2005,NA
03/02/2005,NA
03/03/2005,NA
03/04/2005,NA
03/07/2005,NA
03/08/2005,NA
03/09/2005,NA
03/10/2005,NA
03/11/2005,NA
03/14/2005,NA
03/15/2005,NA
03/16/2005,NA
03/17/2005,NA
03/18/2005,NA
03/21/2005,NA
03/22/2005,NA
03/23/2005,NA
03/24/2005,NA
03/25/2005,NA
03/28/2005,NA
03/29/2005,NA
03/30/2005,NA
03/31/2005,NA
04/01/2005,NA
04/04/2005,NA
04/05/2005,NA
04/06/2005,NA
04/07/2005,NA
04/08/2005,NA
04/11/2005,NA
04/12/2005,NA
04/13/2005,NA
04/14/2005,NA
04/15/2005,NA
04/18/2005,NA
04/19/2005,NA
04/20/2005,NA
04/21/2005,NA
04/22/2005,NA
04/25/2005,NA
04/26/2005,NA
04/27/2005,NA
04/28/2005,NA
04/29/2005,NA
05/02/2005,NA
05/03/2005,NA
05/04/2005,NA
05/05/2005,NA
05/06/2005,NA
05/09/2005,NA
05/10/2005,NA
05/11/2005,NA
05/12/2005,NA
05/13/2005,NA
05/16/2005,NA
05/17/2005,NA
05/18/2005,NA
05/19/2005,NA
05/20/2005,NA
05/23/2005,NA
05/24/2005,NA
05/25/2005,NA
05/26/2005,NA
05/27/2005,NA
05/30/2005,NA
05/31/2005,NA
06/01/2005,NA
06/02/2005,NA
06/03/2005,NA
06/06/2005,NA
06/07/2005,NA
06/08/2005,NA
06/09/2005,NA
06/10/2005,NA
06/13/2005,NA
06/14/2005,NA
06/15/2005,NA
06/16/2005,NA
06/17/2005,NA
06/20/2005,NA
06/21/2005,NA
06/22/2005,NA
06/23/2005,NA
06/24/2005,NA
06/27/2005,NA
06/28/2005,NA
06/29/2005,NA
06/30/2005,NA
07/01/2005,NA
07/04/2005,NA
07/05/2005,NA
07/06/2005,NA
07/07/2005,NA
07/08/2005,NA
07/11/2005,NA
07/12/2005,NA
07/13/2005,NA
07/14/2005,NA
07/15/2005,NA
07/18/2005,NA
07/19/2005,NA
07/20/2005,NA
07/21/2005,NA
07/22/2005,NA
07/25/2005,NA
07/26/2005,NA
07/27/2005,NA
07/28/2005,NA
07/29/2005,NA
08/01/2005,NA
08/02/2005,NA
08/03/2005,NA
08/04/2005,NA
08/05/2005,NA
08/08/2005,NA
08/09/2005,NA
08/10/2005,NA
08/11/2005,NA
08/12/2005,NA
08/15/2005,NA
08/16/2005,NA
08/17/2005,NA
08/18/2005,NA
08/19/2005,NA
08/22/2005,NA
08/23/2005,NA
08/24/2005,NA
08/25/2005,NA
08/26/2005,NA
08/29/2005,NA
08/30/2005,NA
08/31/2005,NA
09/01/2005,NA
09/02/2005,NA
09/05/2005,NA
09/06/2005,NA
09/07/2005,NA
09/08/2005,NA
09/09/2005,NA
09/12/2005,NA
09/13/2005,NA
09/14/2005,NA
09/15/2005,NA
09/16/2005,NA
09/19/2005,NA
09/20/2005,NA
09/21/2005,NA
09/22/2005,NA
09/23/2005,NA
09/26/2005,NA
09/27/2005,NA
09/28/2005,NA
09/29/2005,NA
09/30/2005,NA
10/03/2005,NA
10/04/2005,NA
10/05/2005,NA
10/06/2005,NA
10/07/2005,NA
10/10/2005,NA
10/11/2005,NA
10/12/2005,NA
10/13/2005,NA
10/14/2005,NA
10/17/2005,NA
10/18/2005,NA
10/19/2005,NA
10/20/2005,NA
10/21/2005,NA
10/24/2005,NA
10/25/2005,NA
10/26/2005,NA
10/27/2005,NA
10/28/2005,NA
10/31/2005,NA
11/01/2005,NA
11/02/2005,NA
11/03/2005,NA
11/04/2005,NA
11/07/2005,NA
11/08/2005,NA
11/09/2005,NA
11/10/2005,NA
11/11/2005,NA
11/14/2005,NA
11/15/2005,NA
11/16/2005,NA
11/17/2005,NA
11/18/2005,NA
11/21/2005,NA
11/22/2005,NA
11/23/2005,NA
11/24/2005,NA
11/25/2005,NA
11/28/2005,NA
11/29/2005,NA
11/30/2005,NA
12/01/2005,NA
12/02/2005,NA
12/05/2005,NA
12/06/2005,NA
12/07/2005,NA
12/08/2005,NA
12/09/2005,NA
12/12/2005,NA
12/13/2005,NA
12/14/2005,NA
12/15/2005,NA
12/16/2005,NA
12/19/2005,NA
12/20/2005,NA
12/21/2005,NA
12/22/2005,NA
12/23/2005,NA
12/26/2005,NA
12/27/2005,NA
12/28/2005,NA
12/29/2005,NA
12/30/2005,NA
01/02/2006,NA
01/03/2006,NA
01/04/2006,NA
01/05/2006,NA
01/06/2006,NA
01/09/2006,NA
01/10/2006,NA
01/11/2006,NA
01/12/2006,NA
01/13/2006,NA
01/16/2006,NA
01/17/2006,NA
01/18/2006,NA
01/19/2006,NA
01/20/2006,NA
01/23/2006,NA
01/24/2006,NA
01/25/2006,NA
01/26/2006,NA
01/27/2006,NA
01/30/2006,NA
01/31/2006,NA
02/01/2006,NA
02/02/2006,NA
02/03/2006,NA
02/06/2006,NA
02/07/2006,NA
02/08/2006,NA
02/09/2006,NA
02/10/2006,NA
02/13/2006,NA
02/14/2006,NA
02/15/2006,NA
02/16/2006,NA
02/17/2006,NA
02/20/2006,NA
02/21/2006,NA
02/22/2006,NA
02/23/2006,NA
02/24/2006,NA
02/27/2006,NA
02/28/2006,NA
03/01/2006,NA
03/02/2006,NA
03/03/2006,NA
03/06/2006,NA
03/07/2006,NA
03/08/2006,NA
03/09/2006,NA
03/10/2006,NA
03/13/2006,NA
03/14/2006,NA
03/15/2006,NA
03/16/2006,NA
03/17/2006,NA
03/20/2006,NA
03/21/2006,NA
03/22/2006,NA
03/23/2006,NA
03/24/2006,NA
03/27/2006,NA
03/28/2006,NA
03/29/2006,NA
03/30/2006,NA
03/31/2006,NA
04/03/2006,NA
04/04/2006,NA
04/05/2006,NA
04/06/2006,NA
04/07/2006,NA
04/10/2006,NA
04/11/2006,NA
04/12/2006,NA
04/13/2006,NA
04/14/2006,NA
04/17/2006,NA
04/18/2006,NA
04/19/2006,NA
04/20/2006,NA
04/21/2006,NA
04/24/2006,NA
04/25/2006,NA
04/26/2006,NA
04/27/2006,NA
04/28/2006,NA
05/01/2006,NA
05/02/2006,NA
05/03/2006,NA
05/04/2006,NA
05/05/2006,NA
05/08/2006,NA
05/09/2006,NA
05/10/2006,NA
05/11/2006,NA
05/12/2006,NA
05/15/2006,NA
05/16/2006,NA
05/17/2006,NA
05/18/2006,NA
05/19/2006,NA
05/22/2006,NA
05/23/2006,NA
05/24/2006,NA
05/25/2006,NA
05/26/2006,NA
05/29/2006,NA
05/30/2006,NA
05/31/2006,NA
06/01/2006,NA
06/02/2006,NA
06/05/2006,NA
06/06/2006,NA
06/07/2006,NA
06/08/2006,NA
06/09/2006,NA
06/12/2006,NA
06/13/2006,NA
06/14/2006,NA
06/15/2006,NA
06/16/2006,NA
06/19/2006,NA
06/20/2006,NA
06/21/2006,NA
06/22/2006,NA
06/23/2006,NA
06/26/2006,NA
06/27/2006,NA
06/28/2006,NA
06/29/2006,NA
06/30/2006,NA
07/03/2006,NA
07/04/2006,NA
07/05/2006,NA
07/06/2006,NA
07/07/2006,NA
07/10/2006,NA
07/11/2006,NA
07/12/2006,NA
07/13/2006,NA
07/14/2006,NA
07/17/2006,NA
07/18/2006,NA
07/19/2006,NA
07/20/2006,NA
07/21/2006,NA
07/24/2006,NA
07/25/2006,NA
07/26/2006,NA
07/27/2006,NA
07/28/2006,NA
07/31/2006,NA
08/01/2006,NA
08/02/2006,NA
08/03/2006,NA
08/04/2006,NA
08/07/2006,NA
08/08/2006,NA
08/09/2006,NA
08/10/2006,NA
08/11/2006,NA
08/14/2006,NA
08/15/2006,NA
08/16/2006,NA
08/17/2006,NA
08/18/2006,NA
08/21/2006,NA
08/22/2006,NA
08/23/2006,NA
08/24/2006,NA
08/25/2006,NA
08/28/2006,NA
08/29/2006,NA
08/30/2006,NA
08/31/2006,NA
09/01/2006,NA
09/04/2006,NA
09/05/2006,NA
09/06/2006,NA
09/07/2006,NA
09/08/2006,NA
09/11/2006,NA
09/12/2006,NA
09/13/2006,NA
09/14/2006,NA
09/15/2006,NA
09/18/2006,NA
09/19/2006,NA
09/20/2006,NA
09/21/2006,NA
09/22/2006,NA
09/25/2006,NA
09/26/2006,NA
09/27/2006,NA
09/28/2006,NA
09/29/2006,NA
10/02/2006,NA
10/03/2006,NA
10/04/2006,NA
10/05/2006,NA
10/06/2006,NA
10/09/2006,NA
10/10/2006,NA
10/11/2006,NA
10/12/2006,NA
10/13/2006,NA
10/16/2006,NA
10/17/2006,NA
10/18/2006,NA
10/19/2006,NA
10/20/2006,NA
10/23/2006,NA
10/24/2006,NA
10/25/2006,NA
10/26/2006,NA
10/27/2006,NA
10/30/2006,NA
10/31/2006,NA
11/01/2006,NA
11/02/2006,NA
11/03/2006,NA
11/06/2006,NA
11/07/2006,NA
11/08/2006,NA
11/09/2006,NA
11/10/2006,NA
11/13/2006,NA
11/14/2006,NA
11/15/2006,NA
11/16/2006,NA
11/17/2006,NA
11/20/2006,NA
11/21/2006,NA
11/22/2006,NA
11/23/2006,NA
11/24/2006,NA
11/27/2006,NA
11/28/2006,NA
11/29/2006,NA
11/30/2006,NA
12/01/2006,NA
12/04/2006,NA
12/05/2006,NA
12/06/2006,NA
12/07/2006,NA
12/08/2006,NA
12/11/2006,NA
12/12/2006,NA
12/13/2006,NA
12/14/2006,NA
12/15/2006,NA
12/18/2006,NA
12/19/2006,NA
12/20/2006,NA
12/21/2006,NA
12/22/2006,NA
12/25/2006,NA
12/26/2006,NA
12/27/2006,NA
12/28/2006,NA
12/29/2006,NA
01/01/2007,NA
01/02/2007,NA
01/03/2007,NA
01/04/2007,NA
01/05/2007,NA
01/08/2007,NA
01/09/2007,NA
01/10/2007,NA
01/11/2007,NA
01/12/2007,NA
01/15/2007,NA
01/16/2007,NA
01/17/2007,NA
01/18/2007,NA
01/19/2007,NA
01/22/2007,NA
01/23/2007,NA
01/24/2007,NA
01/25/2007,NA
01/26/2007,NA
01/29/2007,NA
01/30/2007,NA
01/31/2007,NA
02/01/2007,NA
02/02/2007,NA
02/05/2007,NA
02/06/2007,NA
02/07/2007,NA
02/08/2007,NA
02/09/2007,NA
02/12/2007,NA
02/13/2007,NA
02/14/2007,NA
02/15/2007,NA
02/16/2007,NA
02/19/2007,NA
02/20/2007,NA
02/21/2007,NA
02/22/2007,NA
02/23/2007,NA
02/26/2007,NA
02/27/2007,NA
02/28/2007,NA
03/01/2007,NA
03/02/2007,NA
03/05/2007,NA
03/06/2007,NA
03/07/2007,NA
03/08/2007,NA
03/09/2007,NA
03/12/2007,NA
03/13/2007,NA
03/14/2007,NA
03/15/2007,NA
03/16/2007,NA
03/19/2007,NA
03/20/2007,NA
03/21/2007,NA
03/22/2007,NA
03/23/2007,NA
03/26/2007,NA
03/27/2007,NA
03/28/2007,NA
03/29/2007,NA
03/30/2007,NA
04/02/2007,NA
04/03/2007,NA
04/04/2007,NA
04/05/2007,NA
04/06/2007,NA
04/09/2007,NA
04/10/2007,NA
04/11/2007,NA
04/12/2007,NA
04/13/2007,NA
04/16/2007,NA
04/17/2007,NA
04/18/2007,NA
04/19/2007,NA
04/20/2007,NA
04/23/2007,NA
04/24/2007,NA
04/25/2007,NA
04/26/2007,NA
04/27/2007,NA
04/30/2007,NA
05/01/2007,NA
05/02/2007,NA
05/03/2007,NA
05/04/2007,NA
05/07/2007,NA
05/08/2007,NA
05/09/2007,NA
05/10/2007,NA
05/11/2007,NA
05/14/2007,NA
05/15/2007,NA
05/16/2007,NA
05/17/2007,NA
05/18/2007,NA
05/21/2007,NA
05/22/2007,NA
05/23/2007,NA
05/24/2007,NA
05/25/2007,NA
05/28/2007,NA
05/29/2007,NA
05/30/2007,NA
05/31/2007,NA
06/01/2007,NA
06/04/2007,NA
06/05/2007,NA
06/06/2007,NA
06/07/2007,NA
06/08/2007,NA
06/11/2007,NA
06/12/2007,NA
06/13/2007,NA
06/14/2007,NA
06/15/2007,NA
06/18/2007,NA
06/19/2007,NA
06/20/2007,NA
06/21/2007,NA
06/22/2007,NA
06/25/2007,NA
06/26/2007,NA
06/27/2007,NA
06/28/2007,NA
06/29/2007,NA
07/02/2007,NA
07/03/2007,NA
07/04/2007,NA
07/05/2007,NA
07/06/2007,NA
07/09/2007,NA
07/10/2007,NA
07/11/2007,NA
07/12/2007,NA
07/13/2007,NA
07/16/2007,NA
07/17/2007,NA
07/18/2007,NA
07/19/2007,NA
07/20/2007,NA
07/23/2007,NA
07/24/2007,NA
07/25/2007,NA
07/26/2007,NA
07/27/2007,NA
07/30/2007,NA
07/31/2007,NA
08/01/2007,NA
08/02/2007,NA
08/03/2007,NA
08/06/2007,NA
08/07/2007,NA
08/08/2007,NA
08/09/2007,NA
08/10/2007,NA
08/13/2007,NA
08/14/2007,NA
08/15/2007,NA
08/16/2007,NA
08/17/2007,NA
08/20/2007,NA
08/21/2007,NA
08/22/2007,NA
08/23/2007,NA
08/24/2007,NA
08/27/2007,NA
08/28/2007,NA
08/29/2007,NA
08/30/2007,NA
08/31/2007,NA
09/03/2007,NA
09/04/2007,NA
09/05/2007,NA
09/06/2007,NA
09/07/2007,NA
09/10/2007,NA
09/11/2007,NA
09/12/2007,NA
09/13/2007,NA
09/14/2007,NA
09/17/2007,NA
09/18/2007,NA
09/19/2007,NA
09/20/2007,NA
09/21/2007,NA
09/24/2007,NA
09/25/2007,NA
09/26/2007,NA
09/27/2007,NA
09/28/2007,NA
10/01/2007,NA
10/02/2007,NA
10/03/2007,NA
10/04/2007,NA
10/05/2007,NA
10/08/2007,NA
10/09/2007,NA
10/10/2007,NA
10/11/2007,NA
10/12/2007,NA
10/15/2007,NA
10/16/2007,NA
10/17/2007,NA
10/18/2007,NA
10/19/2007,NA
10/22/2007,NA
10/23/2007,NA
10/24/2007,NA
10/25/2007,NA
10/26/2007,NA
10/29/2007,NA
10/30/2007,NA
10/31/2007,NA
11/01/2007,NA
11/02/2007,NA
11/05/2007,NA
11/06/2007,NA
11/07/2007,NA
11/08/2007,NA
11/09/2007,NA
11/12/2007,NA
11/13/2007,NA
11/14/2007,NA
11/15/2007,NA
11/16/2007,NA
11/19/2007,NA
11/20/2007,NA
11/21/2007,NA
11/22/2007,NA
11/23/2007,NA
11/26/2007,NA
11/27/2007,NA
11/28/2007,NA
11/29/2007,NA
11/30/2007,NA
12/03/2007,NA
12/04/2007,NA
12/05/2007,NA
12/06/2007,NA
12/07/2007,NA
12/10/2007,NA
12/11/2007,NA
12/12/2007,NA
12/13/2007,NA
12/14/2007,NA
12/17/2007,NA
12/18/2007,NA
12/19/2007,NA
12/20/2007,NA
12/21/2007,NA
12/24/2007,NA
12/25/2007,NA
12/26/2007,NA
12/27/2007,NA
12/28/2007,NA
12/31/2007,NA
01/01/2008,NA
01/02/2008,NA
01/03/2008,NA
01/04/2008,NA
01/07/2008,NA
01/08/2008,NA
01/09/2008,NA
01/10/2008,NA
01/11/2008,NA
01/14/2008,NA
01/15/2008,NA
01/16/2008,NA
01/17/2008,NA
01/18/2008,NA
01/21/2008,NA
01/22/2008,NA
01/23/2008,NA
01/24/2008,NA
01/25/2008,NA
01/28/2008,NA
01/29/2008,NA
01/30/2008,NA
01/31/2008,NA
02/01/2008,NA
02/04/2008,NA
02/05/2008,NA
02/06/2008,NA
02/07/2008,NA
02/08/2008,NA
02/11/2008,NA
02/12/2008,NA
02/13/2008,NA
02/14/2008,NA
02/15/2008,NA
02/18/2008,NA
02/19/2008,NA
02/20/2008,NA
02/21/2008,NA
02/22/2008,NA
02/25/2008,NA
02/26/2008,NA
02/27/2008,NA
02/28/2008,NA
02/29/2008,NA
03/03/2008,NA
03/04/2008,NA
03/05/2008,NA
03/06/2008,NA
03/07/2008,NA
03/10/2008,NA
03/11/2008,NA
03/12/2008,NA
03/13/2008,NA
03/14/2008,NA
03/17/2008,NA
03/18/2008,NA
03/19/2008,NA
03/20/2008,NA
03/21/2008,NA
03/24/2008,NA
03/25/2008,NA
03/26/2008,NA
03/27/2008,NA
03/28/2008,NA
03/31/2008,NA
04/01/2008,NA
04/02/2008,NA
04/03/2008,NA
04/04/2008,NA
04/07/2008,NA
04/08/2008,NA
04/09/2008,NA
04/10/2008,NA
04/11/2008,NA
04/14/2008,NA
04/15/2008,NA
04/16/2008,NA
04/17/2008,NA
04/18/2008,NA
04/21/2008,NA
04/22/2008,NA
04/23/2008,NA
04/24/2008,NA
04/25/2008,NA
04/28/2008,NA
04/29/2008,NA
04/30/2008,NA
05/01/2008,NA
05/02/2008,NA
05/05/2008,NA
05/06/2008,NA
05/07/2008,NA
05/08/2008,NA
05/09/2008,NA
05/12/2008,NA
05/13/2008,NA
05/14/2008,NA
05/15/2008,NA
05/16/2008,NA
05/19/2008,NA
05/20/2008,NA
05/21/2008,NA
05/22/2008,NA
05/23/2008,NA
05/26/2008,NA
05/27/2008,NA
05/28/2008,NA
05/29/2008,NA
05/30/2008,NA
06/02/2008,NA
06/03/2008,NA
06/04/2008,NA
06/05/2008,NA
06/06/2008,NA
06/09/2008,NA
06/10/2008,NA
06/11/2008,NA
06/12/2008,NA
06/13/2008,NA
06/16/2008,NA
06/17/2008,NA
06/18/2008,NA
06/19/2008,NA
06/20/2008,NA
06/23/2008,NA
06/24/2008,NA
06/25/2008,NA
06/26/2008,NA
06/27/2008,NA
06/30/2008,NA
07/01/2008,NA
07/02/2008,NA
07/03/2008,NA
07/04/2008,NA
07/07/2008,NA
07/08/2008,NA
07/09/2008,NA
07/10/2008,NA
07/11/2008,NA
07/14/2008,NA
07/15/2008,NA
07/16/2008,NA
07/17/2008,NA
07/18/2008,NA
07/21/2008,NA
07/22/2008,NA
07/23/2008,NA
07/24/2008,NA
07/25/2008,NA
07/28/2008,NA
07/29/2008,NA
07/30/2008,NA
07/31/2008,NA
08/01/2008,NA
08/04/2008,NA
08/05/2008,NA
08/06/2008,NA
08/07/2008,NA
08/08/2008,NA
08/11/2008,NA
08/12/2008,NA
08/13/2008,NA
08/14/2008,NA
08/15/2008,NA
08/18/2008,NA
08/19/2008,NA
08/20/2008,NA
08/21/2008,NA
08/22/2008,NA
08/25/2008,NA
08/26/2008,NA
08/27/2008,NA
08/28/2008,NA
08/29/2008,NA
09/01/2008,NA
09/02/2008,NA
09/03/2008,NA
09/04/2008,NA
09/05/2008,NA
09/08/2008,NA
09/09/2008,NA
09/10/2008,NA
09/11/2008,NA
09/12/2008,NA
09/15/2008,NA
09/16/2008,NA
09/17/2008,NA
09/18/2008,NA
09/19/2008,NA
09/22/2008,NA
09/23/2008,NA
09/24/2008,NA
09/25/2008,NA
09/26/2008,NA
09/29/2008,NA
09/30/2008,NA
10/01/2008,NA
10/02/2008,NA
10/03/2008,NA
10/06/2008,NA
10/07/2008,NA
10/08/2008,NA
10/09/2008,NA
10/10/2008,NA
10/13/2008,NA
10/14/2008,NA
10/15/2008,NA
10/16/2008,NA
10/17/2008,NA
10/20/2008,NA
10/21/2008,NA
10/22/2008,NA
10/23/2008,NA
10/24/2008,NA
10/27/2008,NA
10/28/2008,NA
10/29/2008,NA
10/30/2008,NA
10/31/2008,NA
11/03/2008,NA
11/04/2008,NA
11/05/2008,NA
11/06/2008,NA
11/07/2008,NA
11/10/2008,NA
11/11/2008,NA
11/12/2008,NA
11/13/2008,NA
11/14/2008,NA
11/17/2008,NA
11/18/2008,NA
11/19/2008,NA
11/20/2008,NA
11/21/2008,NA
11/24/2008,NA
11/25/2008,NA
11/26/2008,NA
11/27/2008,NA
11/28/2008,NA
12/01/2008,NA
12/02/2008,NA
12/03/2008,NA
12/04/2008,NA
12/05/2008,NA
12/08/2008,NA
12/09/2008,NA
12/10/2008,NA
12/11/2008,NA
12/12/2008,NA
12/15/2008,NA
12/16/2008,NA
12/17/2008,NA
12/18/2008,NA
12/19/2008,NA
12/22/2008,NA
12/23/2008,NA
12/24/2008,NA
12/25/2008,NA
12/26/2008,NA
12/29/2008,NA
12/30/2008,NA
12/31/2008,NA
01/01/2009,NA
01/02/2009,NA
01/05/2009,NA
01/06/2009,NA
01/07/2009,NA
01/08/2009,NA
01/09/2009,NA
01/12/2009,NA
01/13/2009,NA
01/14/2009,NA
01/15/2009,NA
01/16/2009,NA
01/19/2009,NA
01/20/2009,NA
01/21/2009,NA
01/22/2009,NA
01/23/2009,NA
01/26/2009,NA
01/27/2009,NA
01/28/2009,NA
01/29/2009,NA
01/30/2009,NA
02/02/2009,NA
02/03/2009,NA
02/04/2009,NA
02/05/2009,NA
02/06/2009,NA
02/09/2009,NA
02/10/2009,NA
02/11/2009,NA
02/12/2009,NA
02/13/2009,NA
02/16/2009,NA
02/17/2009,NA
02/18/2009,NA
02/19/2009,NA
02/20/2009,NA
02/23/2009,NA
02/24/2009,NA
02/25/2009,NA
02/26/2009,NA
02/27/2009,NA
03/02/2009,NA
03/03/2009,NA
03/04/2009,NA
03/05/2009,NA
03/06/2009,NA
03/09/2009,NA
03/10/2009,NA
03/11/2009,NA
03/12/2009,NA
03/13/2009,NA
03/16/2009,NA
03/17/2009,NA
03/18/2009,NA
03/19/2009,NA
03/20/2009,NA
03/23/2009,NA
03/24/2009,NA
03/25/2009,NA
03/26/2009,NA
03/27/2009,NA
03/30/2009,NA
03/31/2009,NA
04/01/2009,NA
04/02/2009,NA
04/03/2009,NA
04/06/2009,NA
04/07/2009,NA
04/08/2009,NA
04/09/2009,NA
04/10/2009,NA
04/13/2009,NA
04/14/2009,NA
04/15/2009,NA
04/16/2009,NA
04/17/2009,NA
04/20/2009,NA
04/21/2009,NA
04/22/2009,NA
04/23/2009,NA
04/24/2009,NA
04/27/2009,NA
04/28/2009,NA
04/29/2009,NA
04/30/2009,NA
05/01/2009,NA
05/04/2009,NA
05/05/2009,NA
05/06/2009,NA
05/07/2009,NA
05/08/2009,NA
05/11/2009,NA
05/12/2009,NA
05/13/2009,NA
05/14/2009,NA
05/15/2009,NA
05/18/2009,NA
05/19/2009,NA
05/20/2009,NA
05/21/2009,NA
05/22/2009,NA
05/25/2009,NA
05/26/2009,NA
05/27/2009,NA
05/28/2009,NA
05/29/2009,NA
06/01/2009,NA
06/02/2009,NA
06/03/2009,NA
06/04/2009,NA
06/05/2009,NA
06/08/2009,NA
06/09/2009,NA
06/10/2009,NA
06/11/2009,NA
06/12/2009,NA
06/15/2009,NA
06/16/2009,NA
06/17/2009,NA
06/18/2009,NA
06/19/2009,NA
06/22/2009,NA
06/23/2009,NA
06/24/2009,NA
06/25/2009,NA
06/26/2009,NA
06/29/2009,NA
06/30/2009,NA
07/01/2009,NA
07/02/2009,NA
07/03/2009,NA
07/06/2009,NA
07/07/2009,NA
07/08/2009,NA
07/09/2009,NA
07/10/2009,NA
07/13/2009,NA
07/14/2009,NA
07/15/2009,NA
07/16/2009,NA
07/17/2009,NA
07/20/2009,NA
07/21/2009,NA
07/22/2009,NA
07/23/2009,NA
07/24/2009,NA
07/27/2009,NA
07/28/2009,NA
07/29/2009,NA
07/30/2009,NA
07/31/2009,NA
08/03/2009,NA
08/04/2009,NA
08/05/2009,NA
08/06/2009,NA
08/07/2009,NA
08/10/2009,NA
08/11/2009,NA
08/12/2009,NA
08/13/2009,NA
08/14/2009,NA
08/17/2009,NA
08/18/2009,NA
08/19/2009,NA
08/20/2009,NA
08/21/2009,NA
08/24/2009,NA
08/25/2009,NA
08/26/2009,NA
08/27/2009,NA
08/28/2009,NA
08/31/2009,NA
09/01/2009,NA
09/02/2009,NA
09/03/2009,NA
09/04/2009,NA
09/07/2009,NA
09/08/2009,NA
09/09/2009,NA
09/10/2009,NA
09/11/2009,NA
09/14/2009,NA
09/15/2009,NA
09/16/2009,NA
09/17/2009,NA
09/18/2009,NA
09/21/2009,NA
09/22/2009,NA
09/23/2009,NA
09/24/2009,NA
09/25/2009,NA
09/28/2009,NA
09/29/2009,NA
09/30/2009,NA
10/01/2009,NA
10/02/2009,NA
10/05/2009,NA
10/06/2009,NA
10/07/2009,NA
10/08/2009,NA
10/09/2009,NA
10/12/2009,NA
10/13/2009,NA
10/14/2009,NA
10/15/2009,NA
10/16/2009,NA
10/19/2009,NA
10/20/2009,NA
10/21/2009,NA
10/22/2009,NA
10/23/2009,NA
10/26/2009,NA
10/27/2009,NA
10/28/2009,NA
10/29/2009,NA
10/30/2009,NA
11/02/2009,NA
11/03/2009,NA
11/04/2009,NA
11/05/2009,NA
11/06/2009,NA
11/09/2009,NA
11/10/2009,NA
11/11/2009,NA
11/12/2009,NA
11/13/2009,NA
11/16/2009,NA
11/17/2009,NA
11/18/2009,NA
11/19/2009,NA
11/20/2009,NA
11/23/2009,NA
11/24/2009,NA
11/25/2009,NA
11/26/2009,NA
11/27/2009,NA
11/30/2009,NA
12/01/2009,NA
12/02/2009,NA
12/03/2009,NA
12/04/2009,NA
12/07/2009,NA
12/08/2009,NA
12/09/2009,NA
12/10/2009,NA
12/11/2009,NA
12/14/2009,NA
12/15/2009,NA
12/16/2009,NA
12/17/2009,NA
12/18/2009,NA
12/21/2009,NA
12/22/2009,NA
12/23/2009,NA
12/24/2009,NA
12/25/2009,NA
12/28/2009,NA
12/29/2009,NA
12/30/2009,NA
12/31/2009,NA
01/01/2010,NA
01/04/2010,NA
01/05/2010,NA
01/06/2010,NA
01/07/2010,NA
01/08/2010,NA
01/11/2010,NA
01/12/2010,NA
01/13/2010,NA
01/14/2010,NA
01/15/2010,NA
01/18/2010,NA
01/19/2010,NA
01/20/2010,NA
01/21/2010,NA
01/22/2010,NA
01/25/2010,NA
01/26/2010,NA
01/27/2010,NA
01/28/2010,NA
01/29/2010,NA
02/01/2010,NA
02/02/2010,NA
02/03/2010,NA
02/04/2010,NA
02/05/2010,NA
02/08/2010,NA
02/09/2010,NA
02/10/2010,NA
02/11/2010,NA
02/12/2010,NA
02/15/2010,NA
02/16/2010,NA
02/17/2010,NA
02/18/2010,NA
02/19/2010,NA
02/22/2010,NA
02/23/2010,NA
02/24/2010,NA
02/25/2010,NA
02/26/2010,NA
03/01/2010,NA
03/02/2010,NA
03/03/2010,NA
03/04/2010,NA
03/05/2010,NA
03/08/2010,NA
03/09/2010,NA
03/10/2010,NA
03/11/2010,NA
03/12/2010,NA
03/15/2010,NA
03/16/2010,NA
03/17/2010,NA
03/18/2010,NA
03/19/2010,NA
03/22/2010,NA
03/23/2010,NA
03/24/2010,NA
03/25/2010,NA
03/26/2010,NA
03/29/2010,NA
03/30/2010,NA
03/31/2010,NA
04/01/2010,NA
04/02/2010,NA
04/05/2010,NA
04/06/2010,NA
04/07/2010,NA
04/08/2010,NA
04/09/2010,NA
04/12/2010,NA
04/13/2010,NA
04/14/2010,NA
04/15/2010,NA
04/16/2010,NA
04/19/2010,NA
04/20/2010,NA
04/21/2010,NA
04/22/2010,NA
04/23/2010,NA
04/26/2010,NA
04/27/2010,NA
04/28/2010,NA
04/29/2010,NA
04/30/2010,NA
05/03/2010,NA
05/04/2010,NA
05/05/2010,NA
05/06/2010,NA
05/07/2010,NA
05/10/2010,NA
05/11/2010,NA
05/12/2010,NA
05/13/2010,NA
05/14/2010,NA
05/17/2010,NA
05/18/2010,NA
05/19/2010,NA
05/20/2010,NA
05/21/2010,NA
05/24/2010,NA
05/25/2010,NA
05/26/2010,NA
05/27/2010,NA
05/28/2010,NA
05/31/2010,NA
06/01/2010,NA
06/02/2010,NA
06/03/2010,NA
06/04/2010,NA
06/07/2010,NA
06/08/2010,NA
06/09/2010,NA
06/10/2010,NA
06/11/2010,NA
06/14/2010,NA
06/15/2010,NA
06/16/2010,NA
06/17/2010,NA
06/18/2010,NA
06/21/2010,NA
06/22/2010,NA
06/23/2010,NA
06/24/2010,NA
06/25/2010,NA
06/28/2010,NA
06/29/2010,NA
06/30/2010,NA
07/01/2010,NA
07/02/2010,NA
07/05/2010,NA
07/06/2010,NA
07/07/2010,NA
07/08/2010,NA
07/09/2010,NA
07/12/2010,NA
07/13/2010,NA
07/14/2010,NA
07/15/2010,NA
07/16/2010,NA
07/19/2010,NA
07/20/2010,NA
07/21/2010,NA
07/22/2010,NA
07/23/2010,NA
07/26/2010,NA
07/27/2010,NA
07/28/2010,NA
07/29/2010,NA
07/30/2010,NA
08/02/2010,NA
08/03/2010,NA
08/04/2010,NA
08/05/2010,NA
08/06/2010,NA
08/09/2010,NA
08/10/2010,NA
08/11/2010,NA
08/12/2010,NA
08/13/2010,NA
08/16/2010,NA
08/17/2010,NA
08/18/2010,NA
08/19/2010,NA
08/20/2010,NA
08/23/2010,NA
08/24/2010,NA
08/25/2010,NA
08/26/2010,NA
08/27/2010,NA
08/30/2010,NA
08/31/2010,NA
09/01/2010,NA
09/02/2010,NA
09/03/2010,NA
09/06/2010,NA
09/07/2010,NA
09/08/2010,NA
09/09/2010,NA
09/10/2010,NA
09/13/2010,NA
09/14/2010,NA
09/15/2010,NA
09/16/2010,NA
09/17/2010,NA
09/20/2010,NA
09/21/2010,NA
09/22/2010,NA
09/23/2010,NA
09/24/2010,NA
09/27/2010,NA
09/28/2010,NA
09/29/2010,NA
09/30/2010,NA
10/01/2010,NA
10/04/2010,NA
10/05/2010,NA
10/06/2010,NA
10/07/2010,NA
10/08/2010,NA
10/11/2010,NA
10/12/2010,NA
10/13/2010,NA
10/14/2010,NA
10/15/2010,NA
10/18/2010,NA
10/19/2010,NA
10/20/2010,NA
10/21/2010,NA
10/22/2010,NA
10/25/2010,NA
10/26/2010,NA
10/27/2010,NA
10/28/2010,NA
10/29/2010,NA
11/01/2010,NA
11/02/2010,NA
11/03/2010,NA
11/04/2010,NA
11/05/2010,NA
11/08/2010,NA
11/09/2010,NA
11/10/2010,NA
11/11/2010,NA
11/12/2010,NA
11/15/2010,NA
11/16/2010,NA
11/17/2010,NA
11/18/2010,NA
11/19/2010,NA
11/22/2010,NA
11/23/2010,NA
11/24/2010,NA
11/25/2010,NA
11/26/2010,NA
11/29/2010,NA
11/30/2010,NA
12/01/2010,NA
12/02/2010,NA
12/03/2010,NA
12/06/2010,NA
12/07/2010,NA
12/08/2010,NA
12/09/2010,NA
12/10/2010,NA
12/13/2010,NA
12/14/2010,NA
12/15/2010,NA
12/16/2010,NA
12/17/2010,NA
12/20/2010,NA
12/21/2010,NA
12/22/2010,NA
12/23/2010,NA
12/24/2010,NA
12/27/2010,NA
12/28/2010,NA
12/29/2010,NA
12/30/2010,NA
12/31/2010,NA
01/03/2011,NA
01/04/2011,NA
01/05/2011,NA
01/06/2011,NA
01/07/2011,NA
01/10/2011,NA
01/11/2011,NA
01/12/2011,NA
01/13/2011,NA
01/14/2011,NA
01/17/2011,NA
01/18/2011,NA
01/19/2011,NA
01/20/2011,NA
01/21/2011,NA
01/24/2011,NA
01/25/2011,NA
01/26/2011,NA
01/27/2011,NA
01/28/2011,NA
01/31/2011,NA
02/01/2011,NA
02/02/2011,NA
02/03/2011,NA
02/04/2011,NA
02/07/2011,NA
02/08/2011,NA
02/09/2011,NA
02/10/2011,NA
02/11/2011,NA
02/14/2011,NA
02/15/2011,NA
02/16/2011,NA
02/17/2011,NA
02/18/2011,NA
02/21/2011,NA
02/22/2011,NA
02/23/2011,NA
02/24/2011,NA
02/25/2011,NA
02/28/2011,NA
03/01/2011,NA
03/02/2011,NA
03/03/2011,NA
03/04/2011,NA
03/07/2011,NA
03/08/2011,NA
03/09/2011,NA
03/10/2011,NA
03/11/2011,NA
03/14/2011,NA
03/15/2011,NA
03/16/2011,NA
03/17/2011,NA
03/18/2011,NA
03/21/2011,NA
03/22/2011,NA
03/23/2011,NA
03/24/2011,NA
03/25/2011,NA
03/28/2011,NA
03/29/2011,NA
03/30/2011,NA
03/31/2011,NA
04/01/2011,NA
04/04/2011,NA
04/05/2011,NA
04/06/2011,NA
04/07/2011,NA
04/08/2011,NA
04/11/2011,NA
04/12/2011,NA
04/13/2011,NA
04/14/2011,NA
04/15/2011,NA
04/18/2011,NA
04/19/2011,NA
04/20/2011,NA
04/21/2011,NA
04/22/2011,NA
04/25/2011,NA
04/26/2011,NA
04/27/2011,NA
04/28/2011,NA
04/29/2011,NA
05/02/2011,NA
05/03/2011,NA
05/04/2011,NA
05/05/2011,NA
05/06/2011,NA
05/09/2011,NA
05/10/2011,NA
05/11/2011,NA
05/12/2011,NA
05/13/2011,NA
05/16/2011,NA
05/17/2011,NA
05/18/2011,NA
05/19/2011,NA
05/20/2011,NA
05/23/2011,NA
05/24/2011,NA
05/25/2011,NA
05/26/2011,NA
05/27/2011,NA
05/30/2011,NA
05/31/2011,NA
06/01/2011,NA
06/02/2011,NA
06/03/2011,NA
06/06/2011,NA
06/07/2011,NA
06/08/2011,NA
06/09/2011,NA
06/10/2011,NA
06/13/2011,NA
06/14/2011,NA
06/15/2011,NA
06/16/2011,NA
06/17/2011,NA
06/20/2011,NA
06/21/2011,NA
06/22/2011,NA
06/23/2011,NA
06/24/2011,NA
06/27/2011,NA
06/28/2011,NA
06/29/2011,NA
06/30/2011,NA
07/01/2011,NA
07/04/2011,NA
07/05/2011,NA
07/06/2011,NA
07/07/2011,NA
07/08/2011,NA
07/11/2011,NA
07/12/2011,NA
07/13/2011,NA
07/14/2011,NA
07/15/2011,NA
07/18/2011,NA
07/19/2011,NA
07/20/2011,NA
07/21/2011,NA
07/22/2011,NA
07/25/2011,NA
07/26/2011,NA
07/27/2011,NA
07/28/2011,NA
07/29/2011,NA
08/01/2011,NA
08/02/2011,NA
08/03/2011,NA
08/04/2011,NA
08/05/2011,NA
08/08/2011,NA
08/09/2011,NA
08/10/2011,NA
08/11/2011,NA
08/12/2011,NA
08/15/2011,NA
08/16/2011,NA
08/17/2011,NA
08/18/2011,NA
08/19/2011,NA
08/22/2011,NA
08/23/2011,NA
08/24/2011,NA
08/25/2011,NA
08/26/2011,NA
08/29/2011,NA
08/30/2011,NA
08/31/2011,NA
09/01/2011,NA
09/02/2011,NA
09/05/2011,NA
09/06/2011,NA
09/07/2011,NA
09/08/2011,NA
09/09/2011,NA
09/12/2011,NA
09/13/2011,NA
09/14/2011,NA
09/15/2011,NA
09/16/2011,NA
09/19/2011,NA
09/20/2011,NA
09/21/2011,NA
09/22/2011,NA
09/23/2011,NA
09/26/2011,NA
09/27/2011,NA
09/28/2011,NA
09/29/2011,NA
09/30/2011,NA
10/03/2011,NA
10/04/2011,NA
10/05/2011,NA
10/06/2011,NA
10/07/2011,NA
10/10/2011,NA
10/11/2011,NA
10/12/2011,NA
10/13/2011,NA
10/14/2011,NA
10/17/2011,NA
10/18/2011,NA
10/19/2011,NA
10/20/2011,NA
10/21/2011,NA
10/24/2011,NA
10/25/2011,NA
10/26/2011,NA
10/27/2011,NA
10/28/2011,NA
10/31/2011,NA
11/01/2011,NA
11/02/2011,NA
11/03/2011,NA
11/04/2011,NA
11/07/2011,NA
11/08/2011,NA
11/09/2011,NA
11/10/2011,NA
11/11/2011,NA
11/14/2011,NA
11/15/2011,NA
11/16/2011,NA
11/17/2011,NA
11/18/2011,NA
11/21/2011,NA
11/22/2011,NA
11/23/2011,NA
11/24/2011,NA
11/25/2011,NA
11/28/2011,NA
11/29/2011,NA
11/30/2011,NA
12/01/2011,NA
12/02/2011,NA
12/05/2011,NA
12/06/2011,NA
12/07/2011,NA
12/08/2011,NA
12/09/2011,NA
12/12/2011,NA
12/13/2011,NA
12/14/2011,NA
12/15/2011,NA
12/16/2011,NA
12/19/2011,NA
12/20/2011,NA
12/21/2011,NA
12/22/2011,NA
12/23/2011,NA
12/26/2011,NA
12/27/2011,NA
12/28/2011,NA
12/29/2011,NA
12/30/2011,NA
01/02/2012,NA
01/03/2012,NA
01/04/2012,NA
01/05/2012,NA
01/06/2012,NA
01/09/2012,NA
01/10/2012,NA
01/11/2012,NA
01/12/2012,NA
01/13/2012,NA
01/16/2012,NA
01/17/2012,NA
01/18/2012,NA
01/19/2012,NA
01/20/2012,NA
01/23/2012,NA
01/24/2012,NA
01/25/2012,NA
01/26/2012,NA
01/27/2012,NA
01/30/2012,NA
01/31/2012,NA
02/01/2012,NA
02/02/2012,NA
02/03/2012,NA
02/06/2012,NA
02/07/2012,NA
02/08/2012,NA
02/09/2012,NA
02/10/2012,NA
02/13/2012,NA
02/14/2012,NA
02/15/2012,NA
02/16/2012,NA
02/17/2012,NA
02/20/2012,NA
02/21/2012,NA
02/22/2012,NA
02/23/2012,NA
02/24/2012,NA
02/27/2012,NA
02/28/2012,NA
02/29/2012,NA
03/01/2012,NA
03/02/2012,NA
03/05/2012,NA
03/06/2012,NA
03/07/2012,NA
03/08/2012,NA
03/09/2012,NA
03/12/2012,NA
03/13/2012,NA
03/14/2012,NA
03/15/2012,NA
03/16/2012,NA
03/19/2012,NA
03/20/2012,NA
03/21/2012,NA
03/22/2012,NA
03/23/2012,NA
03/26/2012,NA
03/27/2012,NA
03/28/2012,NA
03/29/2012,NA
03/30/2012,NA
04/02/2012,NA
04/03/2012,NA
04/04/2012,NA
04/05/2012,NA
04/06/2012,NA
04/09/2012,NA
04/10/2012,NA
04/11/2012,NA
04/12/2012,NA
04/13/2012,NA
04/16/2012,NA
04/17/2012,NA
04/18/2012,NA
04/19/2012,NA
04/20/2012,NA
04/23/2012,NA
04/24/2012,NA
04/25/2012,NA
04/26/2012,NA
04/27/2012,NA
04/30/2012,NA
05/01/2012,NA
05/02/2012,NA
05/03/2012,NA
05/04/2012,NA
05/07/2012,NA
05/08/2012,NA
05/09/2012,NA
05/10/2012,NA
05/11/2012,NA
05/14/2012,NA
05/15/2012,NA
05/16/2012,NA
05/17/2012,NA
05/18/2012,NA
05/21/2012,NA
05/22/2012,NA
05/23/2012,NA
05/24/2012,NA
05/25/2012,NA
05/28/2012,NA
05/29/2012,NA
05/30/2012,NA
05/31/2012,NA
06/01/2012,NA
06/04/2012,NA
06/05/2012,NA
06/06/2012,NA
06/07/2012,NA
06/08/2012,NA
06/11/2012,NA
06/12/2012,NA
06/13/2012,NA
06/14/2012,NA
06/15/2012,NA
06/18/2012,NA
06/19/2012,NA
06/20/2012,NA
06/21/2012,NA
06/22/2012,NA
06/25/2012,NA
06/26/2012,NA
06/27/2012,NA
06/28/2012,NA
06/29/2012,NA
07/02/2012,NA
07/03/2012,NA
07/04/2012,NA
07/05/2012,NA
07/06/2012,NA
07/09/2012,NA
07/10/2012,NA
07/11/2012,NA
07/12/2012,NA
07/13/2012,NA
07/16/2012,NA
07/17/2012,NA
07/18/2012,NA
07/19/2012,NA
07/20/2012,NA
07/23/2012,NA
07/24/2012,NA
07/25/2012,NA
07/26/2012,NA
07/27/2012,NA
07/30/2012,NA
07/31/2012,NA
08/01/2012,NA
08/02/2012,NA
08/03/2012,NA
08/06/2012,NA
08/07/2012,NA
08/08/2012,NA
08/09/2012,NA
08/10/2012,NA
08/13/2012,NA
08/14/2012,NA
08/15/2012,NA
08/16/2012,NA
08/17/2012,NA
08/20/2012,NA
08/21/2012,NA
08/22/2012,NA
08/23/2012,NA
08/24/2012,NA
08/27/2012,NA
08/28/2012,NA
08/29/2012,NA
08/30/2012,NA
08/31/2012,NA
09/03/2012,NA
09/04/2012,NA
09/05/2012,NA
09/06/2012,NA
09/07/2012,NA
09/10/2012,NA
09/11/2012,NA
09/12/2012,NA
09/13/2012,NA
09/14/2012,NA
09/17/2012,NA
09/18/2012,NA
09/19/2012,NA
09/20/2012,NA
09/21/2012,NA
09/24/2012,NA
09/25/2012,NA
09/26/2012,NA
09/27/2012,NA
09/28/2012,NA
10/01/2012,NA
10/02/2012,NA
10/03/2012,NA
10/04/2012,NA
10/05/2012,NA
10/08/2012,NA
10/09/2012,NA
10/10/2012,NA
10/11/2012,NA
10/12/2012,NA
10/15/2012,NA
10/16/2012,NA
10/17/2012,NA
10/18/2012,NA
10/19/2012,NA
10/22/2012,NA
10/23/2012,NA
10/24/2012,NA
10/25/2012,NA
10/26/2012,NA
10/29/2012,NA
10/30/2012,NA
10/31/2012,NA
11/01/2012,NA
11/02/2012,NA
11/05/2012,NA
11/06/2012,NA
11/07/2012,NA
11/08/2012,NA
11/09/2012,NA
11/12/2012,NA
11/13/2012,NA
11/14/2012,NA
11/15/2012,NA
11/16/2012,NA
11/19/2012,NA
11/20/2012,NA
11/21/2012,NA
11/22/2012,NA
11/23/2012,NA
11/26/2012,NA
11/27/2012,NA
11/28/2012,NA
11/29/2012,NA
11/30/2012,NA
12/03/2012,NA
12/04/2012,NA
12/05/2012,NA
12/06/2012,NA
12/07/2012,NA
12/10/2012,NA
12/11/2012,NA
12/12/2012,NA
12/13/2012,NA
12/14/2012,NA
12/17/2012,NA
12/18/2012,NA
12/19/2012,NA
12/20/2012,NA
12/21/2012,NA
12/24/2012,NA
12/25/2012,NA
12/26/2012,NA
12/27/2012,NA
12/28/2012,NA
12/31/2012,NA
